# L  C_L^{phiphi} [dimensionless]  Planck2018 cosmology
0 0.000000e+00
1 0.000000e+00
2 8.774729e-09
3 2.668438e-09
4 1.106471e-09
5 5.479602e-10
6 3.045896e-10
7 1.837201e-10
8 1.177703e-10
9 7.914942e-11
10 5.523576e-11
11 3.976357e-11
12 2.936362e-11
13 2.216682e-11
14 1.704664e-11
15 1.332582e-11
16 1.056592e-11
17 8.483422e-12
18 6.888601e-12
19 5.650046e-12
20 4.676014e-12
21 3.901727e-12
22 3.280229e-12
23 2.776705e-12
24 2.365257e-12
25 2.026474e-12
26 1.745572e-12
27 1.511135e-12
28 1.314271e-12
29 1.147962e-12
30 1.006684e-12
31 8.861142e-13
32 7.827772e-13
33 6.938169e-13
34 6.169086e-13
35 5.501609e-13
36 4.920206e-13
37 4.412026e-13
38 3.966389e-13
39 3.574357e-13
40 3.228439e-13
41 2.922342e-13
42 2.650754e-13
43 2.409170e-13
44 2.193755e-13
45 2.001236e-13
46 1.828797e-13
47 1.674016e-13
48 1.534798e-13
49 1.409331e-13
50 1.296046e-13
51 1.193576e-13
52 1.100722e-13
53 1.016441e-13
54 9.398155e-14
55 8.700398e-14
56 8.064062e-14
57 7.482870e-14
58 6.951279e-14
59 6.464381e-14
60 6.017821e-14
61 5.607731e-14
62 5.230679e-14
63 4.883603e-14
64 4.563761e-14
65 4.268701e-14
66 3.996216e-14
67 3.744313e-14
68 3.511194e-14
69 3.295243e-14
70 3.094999e-14
71 2.909144e-14
72 2.736477e-14
73 2.575911e-14
74 2.426462e-14
75 2.287234e-14
76 2.157418e-14
77 2.036281e-14
78 1.923156e-14
79 1.817434e-14
80 1.718560e-14
81 1.626023e-14
82 1.539358e-14
83 1.458135e-14
84 1.381962e-14
85 1.310479e-14
86 1.243352e-14
87 1.180278e-14
88 1.120973e-14
89 1.065179e-14
90 1.012657e-14
91 9.631844e-15
92 9.165584e-15
93 8.725896e-15
94 8.311035e-15
95 7.919382e-15
96 7.549444e-15
97 7.199833e-15
98 6.869262e-15
99 6.556537e-15
100 6.260552e-15
101 5.980274e-15
102 5.714743e-15
103 5.463073e-15
104 5.224428e-15
105 4.998035e-15
106 4.783173e-15
107 4.579167e-15
108 4.385389e-15
109 4.201253e-15
110 4.026205e-15
111 3.859735e-15
112 3.701358e-15
113 3.550620e-15
114 3.407100e-15
115 3.270398e-15
116 3.140143e-15
117 3.015985e-15
118 2.897595e-15
119 2.784667e-15
120 2.676910e-15
121 2.574052e-15
122 2.475839e-15
123 2.382029e-15
124 2.292396e-15
125 2.206726e-15
126 2.124819e-15
127 2.046485e-15
128 1.971545e-15
129 1.899831e-15
130 1.831183e-15
131 1.765453e-15
132 1.702496e-15
133 1.642179e-15
134 1.584374e-15
135 1.528961e-15
136 1.475826e-15
137 1.424862e-15
138 1.375966e-15
139 1.329042e-15
140 1.284000e-15
141 1.240751e-15
142 1.199214e-15
143 1.159312e-15
144 1.120970e-15
145 1.084118e-15
146 1.048690e-15
147 1.014623e-15
148 9.818560e-16
149 9.503327e-16
150 9.199991e-16
151 8.908034e-16
152 8.626964e-16
153 8.356320e-16
154 8.095654e-16
155 7.844547e-16
156 7.602597e-16
157 7.369420e-16
158 7.144650e-16
159 6.927944e-16
160 6.718965e-16
161 6.517399e-16
162 6.322947e-16
163 6.135317e-16
164 5.954237e-16
165 5.779445e-16
166 5.610691e-16
167 5.447735e-16
168 5.290349e-16
169 5.138315e-16
170 4.991424e-16
171 4.849477e-16
172 4.712284e-16
173 4.579661e-16
174 4.451434e-16
175 4.327437e-16
176 4.207510e-16
177 4.091497e-16
178 3.979255e-16
179 3.870640e-16
180 3.765519e-16
181 3.663762e-16
182 3.565246e-16
183 3.469851e-16
184 3.377466e-16
185 3.287979e-16
186 3.201286e-16
187 3.117288e-16
188 3.035886e-16
189 2.956991e-16
190 2.880512e-16
191 2.806364e-16
192 2.734466e-16
193 2.664738e-16
194 2.597106e-16
195 2.531497e-16
196 2.467841e-16
197 2.406071e-16
198 2.346123e-16
199 2.287935e-16
200 2.231446e-16
201 2.176601e-16
202 2.123344e-16
203 2.071622e-16
204 2.021385e-16
205 1.972584e-16
206 1.925171e-16
207 1.879101e-16
208 1.834331e-16
209 1.790819e-16
210 1.748523e-16
211 1.707405e-16
212 1.667428e-16
213 1.628555e-16
214 1.590750e-16
215 1.553981e-16
216 1.518214e-16
217 1.483418e-16
218 1.449563e-16
219 1.416620e-16
220 1.384560e-16
221 1.353356e-16
222 1.322982e-16
223 1.293413e-16
224 1.264623e-16
225 1.236590e-16
226 1.209290e-16
227 1.182701e-16
228 1.156803e-16
229 1.131573e-16
230 1.106993e-16
231 1.083044e-16
232 1.059705e-16
233 1.036961e-16
234 1.014792e-16
235 9.931821e-17
236 9.721156e-17
237 9.515762e-17
238 9.315488e-17
239 9.120187e-17
240 8.929716e-17
241 8.743935e-17
242 8.562712e-17
243 8.385917e-17
244 8.213428e-17
245 8.045118e-17
246 7.880874e-17
247 7.720580e-17
248 7.564128e-17
249 7.411409e-17
250 7.262321e-17
251 7.116765e-17
252 6.974642e-17
253 6.835862e-17
254 6.700332e-17
255 6.567968e-17
256 6.438681e-17
257 6.312392e-17
258 6.189022e-17
259 6.068490e-17
260 5.950724e-17
261 5.835649e-17
262 5.723198e-17
263 5.613297e-17
264 5.505883e-17
265 5.400891e-17
266 5.298258e-17
267 5.197922e-17
268 5.099825e-17
269 5.003909e-17
270 4.910119e-17
271 4.818400e-17
272 4.728699e-17
273 4.640967e-17
274 4.555151e-17
275 4.471205e-17
276 4.389082e-17
277 4.308735e-17
278 4.230121e-17
279 4.153197e-17
280 4.077919e-17
281 4.004249e-17
282 3.932146e-17
283 3.861572e-17
284 3.792489e-17
285 3.724862e-17
286 3.658653e-17
287 3.593830e-17
288 3.530358e-17
289 3.468205e-17
290 3.407339e-17
291 3.347730e-17
292 3.289347e-17
293 3.232162e-17
294 3.176145e-17
295 3.121268e-17
296 3.067506e-17
297 3.014831e-17
298 2.963219e-17
299 2.912645e-17
300 2.863083e-17
301 2.814511e-17
302 2.766905e-17
303 2.720244e-17
304 2.674508e-17
305 2.629673e-17
306 2.585720e-17
307 2.542629e-17
308 2.500381e-17
309 2.458957e-17
310 2.418338e-17
311 2.378506e-17
312 2.339445e-17
313 2.301136e-17
314 2.263562e-17
315 2.226709e-17
316 2.190560e-17
317 2.155099e-17
318 2.120312e-17
319 2.086184e-17
320 2.052699e-17
321 2.019846e-17
322 1.987609e-17
323 1.955976e-17
324 1.924933e-17
325 1.894468e-17
326 1.864568e-17
327 1.835221e-17
328 1.806416e-17
329 1.778141e-17
330 1.750385e-17
331 1.723136e-17
332 1.696385e-17
333 1.670120e-17
334 1.644331e-17
335 1.619009e-17
336 1.594144e-17
337 1.569725e-17
338 1.545745e-17
339 1.522193e-17
340 1.499061e-17
341 1.476341e-17
342 1.454023e-17
343 1.432100e-17
344 1.410563e-17
345 1.389405e-17
346 1.368618e-17
347 1.348194e-17
348 1.328126e-17
349 1.308407e-17
350 1.289029e-17
351 1.269987e-17
352 1.251273e-17
353 1.232880e-17
354 1.214804e-17
355 1.197036e-17
356 1.179571e-17
357 1.162404e-17
358 1.145529e-17
359 1.128939e-17
360 1.112630e-17
361 1.096595e-17
362 1.080830e-17
363 1.065330e-17
364 1.050089e-17
365 1.035102e-17
366 1.020365e-17
367 1.005872e-17
368 9.916202e-18
369 9.776035e-18
370 9.638180e-18
371 9.502592e-18
372 9.369228e-18
373 9.238047e-18
374 9.109006e-18
375 8.982071e-18
376 8.857194e-18
377 8.734344e-18
378 8.613480e-18
379 8.494566e-18
380 8.377563e-18
381 8.262441e-18
382 8.149162e-18
383 8.037692e-18
384 7.927999e-18
385 7.820052e-18
386 7.713813e-18
387 7.609258e-18
388 7.506352e-18
389 7.405068e-18
390 7.305373e-18
391 7.207242e-18
392 7.110646e-18
393 7.015553e-18
394 6.921943e-18
395 6.829784e-18
396 6.739052e-18
397 6.649723e-18
398 6.561771e-18
399 6.475170e-18
400 6.389898e-18
401 6.305930e-18
402 6.223245e-18
403 6.141819e-18
404 6.061632e-18
405 5.982662e-18
406 5.904887e-18
407 5.828287e-18
408 5.752841e-18
409 5.678532e-18
410 5.605338e-18
411 5.533241e-18
412 5.462222e-18
413 5.392262e-18
414 5.323345e-18
415 5.255452e-18
416 5.188565e-18
417 5.122669e-18
418 5.057745e-18
419 4.993779e-18
420 4.930753e-18
421 4.868652e-18
422 4.807461e-18
423 4.747165e-18
424 4.687748e-18
425 4.629197e-18
426 4.571497e-18
427 4.514632e-18
428 4.458591e-18
429 4.403359e-18
430 4.348922e-18
431 4.295269e-18
432 4.242387e-18
433 4.190261e-18
434 4.138882e-18
435 4.088234e-18
436 4.038308e-18
437 3.989092e-18
438 3.940573e-18
439 3.892741e-18
440 3.845585e-18
441 3.799094e-18
442 3.753257e-18
443 3.708063e-18
444 3.663502e-18
445 3.619565e-18
446 3.576241e-18
447 3.533520e-18
448 3.491394e-18
449 3.449851e-18
450 3.408884e-18
451 3.368483e-18
452 3.328639e-18
453 3.289344e-18
454 3.250589e-18
455 3.212365e-18
456 3.174664e-18
457 3.137478e-18
458 3.100800e-18
459 3.064620e-18
460 3.028932e-18
461 2.993728e-18
462 2.959000e-18
463 2.924741e-18
464 2.890944e-18
465 2.857602e-18
466 2.824707e-18
467 2.792254e-18
468 2.760234e-18
469 2.728642e-18
470 2.697472e-18
471 2.666715e-18
472 2.636367e-18
473 2.606422e-18
474 2.576872e-18
475 2.547713e-18
476 2.518938e-18
477 2.490542e-18
478 2.462518e-18
479 2.434862e-18
480 2.407566e-18
481 2.380628e-18
482 2.354041e-18
483 2.327799e-18
484 2.301898e-18
485 2.276333e-18
486 2.251098e-18
487 2.226189e-18
488 2.201601e-18
489 2.177329e-18
490 2.153369e-18
491 2.129716e-18
492 2.106365e-18
493 2.083312e-18
494 2.060553e-18
495 2.038083e-18
496 2.015899e-18
497 1.993995e-18
498 1.972369e-18
499 1.951016e-18
500 1.929931e-18
501 1.909112e-18
502 1.888554e-18
503 1.868254e-18
504 1.848208e-18
505 1.828412e-18
506 1.808863e-18
507 1.789557e-18
508 1.770491e-18
509 1.751662e-18
510 1.733066e-18
511 1.714700e-18
512 1.696561e-18
513 1.678645e-18
514 1.660950e-18
515 1.643472e-18
516 1.626208e-18
517 1.609156e-18
518 1.592312e-18
519 1.575674e-18
520 1.559238e-18
521 1.543002e-18
522 1.526964e-18
523 1.511119e-18
524 1.495467e-18
525 1.480003e-18
526 1.464727e-18
527 1.449634e-18
528 1.434722e-18
529 1.419990e-18
530 1.405434e-18
531 1.391052e-18
532 1.376842e-18
533 1.362801e-18
534 1.348928e-18
535 1.335219e-18
536 1.321673e-18
537 1.308287e-18
538 1.295060e-18
539 1.281989e-18
540 1.269072e-18
541 1.256307e-18
542 1.243691e-18
543 1.231224e-18
544 1.218903e-18
545 1.206726e-18
546 1.194691e-18
547 1.182796e-18
548 1.171040e-18
549 1.159420e-18
550 1.147934e-18
551 1.136582e-18
552 1.125361e-18
553 1.114269e-18
554 1.103306e-18
555 1.092468e-18
556 1.081754e-18
557 1.071164e-18
558 1.060695e-18
559 1.050345e-18
560 1.040114e-18
561 1.029999e-18
562 1.020000e-18
563 1.010113e-18
564 1.000339e-18
565 9.906760e-19
566 9.811219e-19
567 9.716757e-19
568 9.623359e-19
569 9.531012e-19
570 9.439701e-19
571 9.349415e-19
572 9.260140e-19
573 9.171865e-19
574 9.084573e-19
575 8.998256e-19
576 8.912899e-19
577 8.828489e-19
578 8.745017e-19
579 8.662470e-19
580 8.580835e-19
581 8.500101e-19
582 8.420258e-19
583 8.341295e-19
584 8.263198e-19
585 8.185959e-19
586 8.109564e-19
587 8.034006e-19
588 7.959272e-19
589 7.885355e-19
590 7.812242e-19
591 7.739924e-19
592 7.668390e-19
593 7.597632e-19
594 7.527638e-19
595 7.458403e-19
596 7.389912e-19
597 7.322158e-19
598 7.255133e-19
599 7.188827e-19
600 7.123233e-19
601 7.058341e-19
602 6.994141e-19
603 6.930625e-19
604 6.867787e-19
605 6.805617e-19
606 6.744109e-19
607 6.683251e-19
608 6.623038e-19
609 6.563461e-19
610 6.504514e-19
611 6.446187e-19
612 6.388475e-19
613 6.331370e-19
614 6.274863e-19
615 6.218949e-19
616 6.163620e-19
617 6.108869e-19
618 6.054689e-19
619 6.001073e-19
620 5.948015e-19
621 5.895508e-19
622 5.843547e-19
623 5.792122e-19
624 5.741229e-19
625 5.690861e-19
626 5.641013e-19
627 5.591678e-19
628 5.542850e-19
629 5.494523e-19
630 5.446691e-19
631 5.399349e-19
632 5.352490e-19
633 5.306110e-19
634 5.260201e-19
635 5.214760e-19
636 5.169781e-19
637 5.125256e-19
638 5.081183e-19
639 5.037556e-19
640 4.994367e-19
641 4.951616e-19
642 4.909294e-19
643 4.867398e-19
644 4.825922e-19
645 4.784861e-19
646 4.744211e-19
647 4.703967e-19
648 4.664124e-19
649 4.624678e-19
650 4.585626e-19
651 4.546960e-19
652 4.508677e-19
653 4.470773e-19
654 4.433244e-19
655 4.396085e-19
656 4.359293e-19
657 4.322862e-19
658 4.286790e-19
659 4.251072e-19
660 4.215704e-19
661 4.180682e-19
662 4.146003e-19
663 4.111662e-19
664 4.077654e-19
665 4.043978e-19
666 4.010631e-19
667 3.977606e-19
668 3.944901e-19
669 3.912512e-19
670 3.880436e-19
671 3.848671e-19
672 3.817210e-19
673 3.786052e-19
674 3.755194e-19
675 3.724632e-19
676 3.694362e-19
677 3.664383e-19
678 3.634689e-19
679 3.605278e-19
680 3.576148e-19
681 3.547294e-19
682 3.518715e-19
683 3.490407e-19
684 3.462366e-19
685 3.434591e-19
686 3.407077e-19
687 3.379823e-19
688 3.352827e-19
689 3.326083e-19
690 3.299590e-19
691 3.273346e-19
692 3.247347e-19
693 3.221592e-19
694 3.196076e-19
695 3.170798e-19
696 3.145756e-19
697 3.120946e-19
698 3.096366e-19
699 3.072014e-19
700 3.047887e-19
701 3.023983e-19
702 3.000300e-19
703 2.976834e-19
704 2.953584e-19
705 2.930548e-19
706 2.907723e-19
707 2.885107e-19
708 2.862698e-19
709 2.840494e-19
710 2.818492e-19
711 2.796691e-19
712 2.775088e-19
713 2.753681e-19
714 2.732469e-19
715 2.711449e-19
716 2.690619e-19
717 2.669977e-19
718 2.649521e-19
719 2.629250e-19
720 2.609161e-19
721 2.589253e-19
722 2.569524e-19
723 2.549971e-19
724 2.530593e-19
725 2.511388e-19
726 2.492355e-19
727 2.473492e-19
728 2.454796e-19
729 2.436266e-19
730 2.417901e-19
731 2.399699e-19
732 2.381658e-19
733 2.363776e-19
734 2.346053e-19
735 2.328485e-19
736 2.311072e-19
737 2.293812e-19
738 2.276703e-19
739 2.259745e-19
740 2.242935e-19
741 2.226272e-19
742 2.209754e-19
743 2.193380e-19
744 2.177149e-19
745 2.161059e-19
746 2.145109e-19
747 2.129297e-19
748 2.113621e-19
749 2.098082e-19
750 2.082676e-19
751 2.067403e-19
752 2.052262e-19
753 2.037250e-19
754 2.022368e-19
755 2.007613e-19
756 1.992985e-19
757 1.978481e-19
758 1.964102e-19
759 1.949845e-19
760 1.935710e-19
761 1.921695e-19
762 1.907799e-19
763 1.894021e-19
764 1.880360e-19
765 1.866815e-19
766 1.853384e-19
767 1.840067e-19
768 1.826862e-19
769 1.813767e-19
770 1.800784e-19
771 1.787909e-19
772 1.775142e-19
773 1.762483e-19
774 1.749929e-19
775 1.737480e-19
776 1.725135e-19
777 1.712893e-19
778 1.700753e-19
779 1.688714e-19
780 1.676775e-19
781 1.664934e-19
782 1.653192e-19
783 1.641547e-19
784 1.629999e-19
785 1.618545e-19
786 1.607186e-19
787 1.595920e-19
788 1.584747e-19
789 1.573665e-19
790 1.562675e-19
791 1.551774e-19
792 1.540963e-19
793 1.530239e-19
794 1.519604e-19
795 1.509055e-19
796 1.498591e-19
797 1.488212e-19
798 1.477918e-19
799 1.467707e-19
800 1.457579e-19
801 1.447533e-19
802 1.437567e-19
803 1.427682e-19
804 1.417876e-19
805 1.408150e-19
806 1.398501e-19
807 1.388930e-19
808 1.379435e-19
809 1.370017e-19
810 1.360673e-19
811 1.351405e-19
812 1.342210e-19
813 1.333088e-19
814 1.324039e-19
815 1.315062e-19
816 1.306156e-19
817 1.297321e-19
818 1.288556e-19
819 1.279860e-19
820 1.271232e-19
821 1.262673e-19
822 1.254181e-19
823 1.245756e-19
824 1.237397e-19
825 1.229104e-19
826 1.220876e-19
827 1.212712e-19
828 1.204612e-19
829 1.196576e-19
830 1.188602e-19
831 1.180690e-19
832 1.172840e-19
833 1.165051e-19
834 1.157322e-19
835 1.149654e-19
836 1.142044e-19
837 1.134494e-19
838 1.127002e-19
839 1.119568e-19
840 1.112191e-19
841 1.104871e-19
842 1.097607e-19
843 1.090399e-19
844 1.083247e-19
845 1.076149e-19
846 1.069106e-19
847 1.062116e-19
848 1.055180e-19
849 1.048296e-19
850 1.041465e-19
851 1.034686e-19
852 1.027959e-19
853 1.021283e-19
854 1.014657e-19
855 1.008081e-19
856 1.001555e-19
857 9.950788e-20
858 9.886513e-20
859 9.822723e-20
860 9.759411e-20
861 9.696577e-20
862 9.634216e-20
863 9.572320e-20
864 9.510892e-20
865 9.449923e-20
866 9.389410e-20
867 9.329348e-20
868 9.269736e-20
869 9.210569e-20
870 9.151842e-20
871 9.093553e-20
872 9.035697e-20
873 8.978271e-20
874 8.921270e-20
875 8.864692e-20
876 8.808533e-20
877 8.752789e-20
878 8.697456e-20
879 8.642532e-20
880 8.588014e-20
881 8.533896e-20
882 8.480176e-20
883 8.426850e-20
884 8.373915e-20
885 8.321370e-20
886 8.269208e-20
887 8.217428e-20
888 8.166027e-20
889 8.115000e-20
890 8.064344e-20
891 8.014059e-20
892 7.964138e-20
893 7.914581e-20
894 7.865381e-20
895 7.816540e-20
896 7.768051e-20
897 7.719915e-20
898 7.672124e-20
899 7.624680e-20
900 7.577578e-20
901 7.530813e-20
902 7.484387e-20
903 7.438294e-20
904 7.392529e-20
905 7.347095e-20
906 7.301986e-20
907 7.257200e-20
908 7.212735e-20
909 7.168585e-20
910 7.124751e-20
911 7.081231e-20
912 7.038020e-20
913 6.995116e-20
914 6.952517e-20
915 6.910221e-20
916 6.868224e-20
917 6.826525e-20
918 6.785122e-20
919 6.744011e-20
920 6.703190e-20
921 6.662657e-20
922 6.622411e-20
923 6.582447e-20
924 6.542766e-20
925 6.503363e-20
926 6.464236e-20
927 6.425384e-20
928 6.386804e-20
929 6.348495e-20
930 6.310453e-20
931 6.272677e-20
932 6.235166e-20
933 6.197914e-20
934 6.160923e-20
935 6.124190e-20
936 6.087711e-20
937 6.051486e-20
938 6.015512e-20
939 5.979788e-20
940 5.944310e-20
941 5.909079e-20
942 5.874090e-20
943 5.839344e-20
944 5.804836e-20
945 5.770567e-20
946 5.736532e-20
947 5.702733e-20
948 5.669166e-20
949 5.635828e-20
950 5.602720e-20
951 5.569838e-20
952 5.537181e-20
953 5.504746e-20
954 5.472534e-20
955 5.440542e-20
956 5.408767e-20
957 5.377209e-20
958 5.345865e-20
959 5.314734e-20
960 5.283815e-20
961 5.253106e-20
962 5.222604e-20
963 5.192310e-20
964 5.162220e-20
965 5.132333e-20
966 5.102648e-20
967 5.073164e-20
968 5.043878e-20
969 5.014789e-20
970 4.985896e-20
971 4.957197e-20
972 4.928691e-20
973 4.900376e-20
974 4.872252e-20
975 4.844315e-20
976 4.816565e-20
977 4.789000e-20
978 4.761619e-20
979 4.734423e-20
980 4.707406e-20
981 4.680569e-20
982 4.653910e-20
983 4.627430e-20
984 4.601125e-20
985 4.574994e-20
986 4.549037e-20
987 4.523251e-20
988 4.497635e-20
989 4.472190e-20
990 4.446912e-20
991 4.421801e-20
992 4.396855e-20
993 4.372074e-20
994 4.347455e-20
995 4.322999e-20
996 4.298702e-20
997 4.274566e-20
998 4.250587e-20
999 4.226766e-20
1000 4.203100e-20
1001 4.179589e-20
1002 4.156231e-20
1003 4.133026e-20
1004 4.109972e-20
1005 4.087068e-20
1006 4.064313e-20
1007 4.041706e-20
1008 4.019246e-20
1009 3.996931e-20
1010 3.974762e-20
1011 3.952735e-20
1012 3.930851e-20
1013 3.909109e-20
1014 3.887508e-20
1015 3.866046e-20
1016 3.844722e-20
1017 3.823535e-20
1018 3.802485e-20
1019 3.781570e-20
1020 3.760790e-20
1021 3.740143e-20
1022 3.719629e-20
1023 3.699246e-20
1024 3.678994e-20
1025 3.658871e-20
1026 3.638877e-20
1027 3.619011e-20
1028 3.599271e-20
1029 3.579658e-20
1030 3.560169e-20
1031 3.540804e-20
1032 3.521563e-20
1033 3.502444e-20
1034 3.483446e-20
1035 3.464569e-20
1036 3.445811e-20
1037 3.427172e-20
1038 3.408652e-20
1039 3.390247e-20
1040 3.371960e-20
1041 3.353787e-20
1042 3.335729e-20
1043 3.317786e-20
1044 3.299954e-20
1045 3.282235e-20
1046 3.264628e-20
1047 3.247131e-20
1048 3.229743e-20
1049 3.212465e-20
1050 3.195295e-20
1051 3.178232e-20
1052 3.161276e-20
1053 3.144425e-20
1054 3.127680e-20
1055 3.111039e-20
1056 3.094502e-20
1057 3.078068e-20
1058 3.061736e-20
1059 3.045505e-20
1060 3.029375e-20
1061 3.013345e-20
1062 2.997415e-20
1063 2.981582e-20
1064 2.965849e-20
1065 2.950212e-20
1066 2.934672e-20
1067 2.919228e-20
1068 2.903879e-20
1069 2.888624e-20
1070 2.873464e-20
1071 2.858397e-20
1072 2.843421e-20
1073 2.828539e-20
1074 2.813747e-20
1075 2.799046e-20
1076 2.784435e-20
1077 2.769914e-20
1078 2.755481e-20
1079 2.741136e-20
1080 2.726879e-20
1081 2.712709e-20
1082 2.698625e-20
1083 2.684627e-20
1084 2.670714e-20
1085 2.656885e-20
1086 2.643141e-20
1087 2.629480e-20
1088 2.615901e-20
1089 2.602405e-20
1090 2.588991e-20
1091 2.575657e-20
1092 2.562404e-20
1093 2.549232e-20
1094 2.536138e-20
1095 2.523123e-20
1096 2.510187e-20
1097 2.497329e-20
1098 2.484547e-20
1099 2.471843e-20
1100 2.459215e-20
1101 2.446662e-20
1102 2.434184e-20
1103 2.421781e-20
1104 2.409453e-20
1105 2.397198e-20
1106 2.385016e-20
1107 2.372907e-20
1108 2.360870e-20
1109 2.348904e-20
1110 2.337010e-20
1111 2.325187e-20
1112 2.313433e-20
1113 2.301749e-20
1114 2.290135e-20
1115 2.278589e-20
1116 2.267113e-20
1117 2.255703e-20
1118 2.244361e-20
1119 2.233087e-20
1120 2.221878e-20
1121 2.210735e-20
1122 2.199659e-20
1123 2.188647e-20
1124 2.177700e-20
1125 2.166818e-20
1126 2.156000e-20
1127 2.145244e-20
1128 2.134553e-20
1129 2.123923e-20
1130 2.113356e-20
1131 2.102850e-20
1132 2.092406e-20
1133 2.082023e-20
1134 2.071700e-20
1135 2.061438e-20
1136 2.051235e-20
1137 2.041091e-20
1138 2.031007e-20
1139 2.020981e-20
1140 2.011013e-20
1141 2.001104e-20
1142 1.991251e-20
1143 1.981456e-20
1144 1.971717e-20
1145 1.962034e-20
1146 1.952408e-20
1147 1.942837e-20
1148 1.933320e-20
1149 1.923859e-20
1150 1.914452e-20
1151 1.905100e-20
1152 1.895801e-20
1153 1.886555e-20
1154 1.877363e-20
1155 1.868223e-20
1156 1.859136e-20
1157 1.850100e-20
1158 1.841116e-20
1159 1.832184e-20
1160 1.823302e-20
1161 1.814471e-20
1162 1.805691e-20
1163 1.796960e-20
1164 1.788279e-20
1165 1.779648e-20
1166 1.771065e-20
1167 1.762531e-20
1168 1.754045e-20
1169 1.745608e-20
1170 1.737218e-20
1171 1.728876e-20
1172 1.720581e-20
1173 1.712332e-20
1174 1.704130e-20
1175 1.695975e-20
1176 1.687865e-20
1177 1.679801e-20
1178 1.671783e-20
1179 1.663809e-20
1180 1.655880e-20
1181 1.647996e-20
1182 1.640156e-20
1183 1.632359e-20
1184 1.624607e-20
1185 1.616897e-20
1186 1.609231e-20
1187 1.601607e-20
1188 1.594026e-20
1189 1.586487e-20
1190 1.578990e-20
1191 1.571535e-20
1192 1.564121e-20
1193 1.556749e-20
1194 1.549417e-20
1195 1.542126e-20
1196 1.534876e-20
1197 1.527665e-20
1198 1.520494e-20
1199 1.513363e-20
1200 1.506272e-20
1201 1.499219e-20
1202 1.492205e-20
1203 1.485230e-20
1204 1.478293e-20
1205 1.471394e-20
1206 1.464534e-20
1207 1.457710e-20
1208 1.450925e-20
1209 1.444176e-20
1210 1.437465e-20
1211 1.430790e-20
1212 1.424151e-20
1213 1.417549e-20
1214 1.410983e-20
1215 1.404452e-20
1216 1.397958e-20
1217 1.391498e-20
1218 1.385074e-20
1219 1.378685e-20
1220 1.372330e-20
1221 1.366010e-20
1222 1.359724e-20
1223 1.353472e-20
1224 1.347254e-20
1225 1.341069e-20
1226 1.334918e-20
1227 1.328801e-20
1228 1.322716e-20
1229 1.316664e-20
1230 1.310644e-20
1231 1.304657e-20
1232 1.298702e-20
1233 1.292779e-20
1234 1.286888e-20
1235 1.281029e-20
1236 1.275201e-20
1237 1.269404e-20
1238 1.263638e-20
1239 1.257903e-20
1240 1.252198e-20
1241 1.246525e-20
1242 1.240881e-20
1243 1.235267e-20
1244 1.229683e-20
1245 1.224129e-20
1246 1.218605e-20
1247 1.213109e-20
1248 1.207643e-20
1249 1.202206e-20
1250 1.196798e-20
1251 1.191418e-20
1252 1.186067e-20
1253 1.180744e-20
1254 1.175449e-20
1255 1.170182e-20
1256 1.164943e-20
1257 1.159732e-20
1258 1.154548e-20
1259 1.149391e-20
1260 1.144261e-20
1261 1.139158e-20
1262 1.134082e-20
1263 1.129033e-20
1264 1.124010e-20
1265 1.119013e-20
1266 1.114042e-20
1267 1.109098e-20
1268 1.104179e-20
1269 1.099286e-20
1270 1.094418e-20
1271 1.089576e-20
1272 1.084759e-20
1273 1.079967e-20
1274 1.075200e-20
1275 1.070457e-20
1276 1.065740e-20
1277 1.061046e-20
1278 1.056377e-20
1279 1.051733e-20
1280 1.047112e-20
1281 1.042515e-20
1282 1.037942e-20
1283 1.033392e-20
1284 1.028866e-20
1285 1.024363e-20
1286 1.019884e-20
1287 1.015427e-20
1288 1.010993e-20
1289 1.006582e-20
1290 1.002194e-20
1291 9.978284e-21
1292 9.934849e-21
1293 9.891637e-21
1294 9.848646e-21
1295 9.805875e-21
1296 9.763321e-21
1297 9.720985e-21
1298 9.678865e-21
1299 9.636959e-21
1300 9.595267e-21
1301 9.553786e-21
1302 9.512516e-21
1303 9.471456e-21
1304 9.430603e-21
1305 9.389958e-21
1306 9.349519e-21
1307 9.309285e-21
1308 9.269253e-21
1309 9.229425e-21
1310 9.189799e-21
1311 9.150371e-21
1312 9.111142e-21
1313 9.072111e-21
1314 9.033276e-21
1315 8.994636e-21
1316 8.956191e-21
1317 8.917939e-21
1318 8.879880e-21
1319 8.842011e-21
1320 8.804331e-21
1321 8.766840e-21
1322 8.729536e-21
1323 8.692421e-21
1324 8.655489e-21
1325 8.618742e-21
1326 8.582177e-21
1327 8.545795e-21
1328 8.509597e-21
1329 8.473576e-21
1330 8.437734e-21
1331 8.402071e-21
1332 8.366586e-21
1333 8.331275e-21
1334 8.296140e-21
1335 8.261180e-21
1336 8.226391e-21
1337 8.191775e-21
1338 8.157331e-21
1339 8.123055e-21
1340 8.088949e-21
1341 8.055010e-21
1342 8.021241e-21
1343 7.987636e-21
1344 7.954198e-21
1345 7.920922e-21
1346 7.887810e-21
1347 7.854862e-21
1348 7.822074e-21
1349 7.789446e-21
1350 7.756979e-21
1351 7.724670e-21
1352 7.692520e-21
1353 7.660526e-21
1354 7.628688e-21
1355 7.597006e-21
1356 7.565477e-21
1357 7.534104e-21
1358 7.502881e-21
1359 7.471812e-21
1360 7.440892e-21
1361 7.410124e-21
1362 7.379503e-21
1363 7.349033e-21
1364 7.318708e-21
1365 7.288532e-21
1366 7.258499e-21
1367 7.228614e-21
1368 7.198871e-21
1369 7.169274e-21
1370 7.139818e-21
1371 7.110505e-21
1372 7.081332e-21
1373 7.052301e-21
1374 7.023408e-21
1375 6.994655e-21
1376 6.966039e-21
1377 6.937562e-21
1378 6.909221e-21
1379 6.881014e-21
1380 6.852944e-21
1381 6.825007e-21
1382 6.797205e-21
1383 6.769535e-21
1384 6.741996e-21
1385 6.714590e-21
1386 6.687313e-21
1387 6.660167e-21
1388 6.633151e-21
1389 6.606261e-21
1390 6.579501e-21
1391 6.552868e-21
1392 6.526360e-21
1393 6.499979e-21
1394 6.473722e-21
1395 6.447589e-21
1396 6.421581e-21
1397 6.395696e-21
1398 6.369931e-21
1399 6.344290e-21
1400 6.318769e-21
1401 6.293369e-21
1402 6.268087e-21
1403 6.242925e-21
1404 6.217882e-21
1405 6.192956e-21
1406 6.168146e-21
1407 6.143454e-21
1408 6.118877e-21
1409 6.094416e-21
1410 6.070068e-21
1411 6.045836e-21
1412 6.021716e-21
1413 5.997710e-21
1414 5.973815e-21
1415 5.950031e-21
1416 5.926359e-21
1417 5.902797e-21
1418 5.879345e-21
1419 5.856002e-21
1420 5.832767e-21
1421 5.809640e-21
1422 5.786622e-21
1423 5.763710e-21
1424 5.740904e-21
1425 5.718204e-21
1426 5.695609e-21
1427 5.673117e-21
1428 5.650731e-21
1429 5.628448e-21
1430 5.606269e-21
1431 5.584191e-21
1432 5.562216e-21
1433 5.540341e-21
1434 5.518568e-21
1435 5.496894e-21
1436 5.475321e-21
1437 5.453846e-21
1438 5.432470e-21
1439 5.411191e-21
1440 5.390011e-21
1441 5.368928e-21
1442 5.347942e-21
1443 5.327051e-21
1444 5.306256e-21
1445 5.285556e-21
1446 5.264951e-21
1447 5.244440e-21
1448 5.224022e-21
1449 5.203698e-21
1450 5.183465e-21
1451 5.163325e-21
1452 5.143277e-21
1453 5.123320e-21
1454 5.103453e-21
1455 5.083677e-21
1456 5.063990e-21
1457 5.044393e-21
1458 5.024885e-21
1459 5.005465e-21
1460 4.986133e-21
1461 4.966888e-21
1462 4.947730e-21
1463 4.928658e-21
1464 4.909673e-21
1465 4.890773e-21
1466 4.871959e-21
1467 4.853229e-21
1468 4.834583e-21
1469 4.816022e-21
1470 4.797545e-21
1471 4.779150e-21
1472 4.760837e-21
1473 4.742607e-21
1474 4.724458e-21
1475 4.706391e-21
1476 4.688405e-21
1477 4.670499e-21
1478 4.652674e-21
1479 4.634928e-21
1480 4.617261e-21
1481 4.599673e-21
1482 4.582164e-21
1483 4.564733e-21
1484 4.547379e-21
1485 4.530103e-21
1486 4.512903e-21
1487 4.495780e-21
1488 4.478734e-21
1489 4.461763e-21
1490 4.444867e-21
1491 4.428045e-21
1492 4.411299e-21
1493 4.394627e-21
1494 4.378029e-21
1495 4.361504e-21
1496 4.345052e-21
1497 4.328673e-21
1498 4.312366e-21
1499 4.296131e-21
1500 4.279967e-21
1501 4.263876e-21
1502 4.247854e-21
1503 4.231903e-21
1504 4.216023e-21
1505 4.200212e-21
1506 4.184470e-21
1507 4.168798e-21
1508 4.153195e-21
1509 4.137659e-21
1510 4.122192e-21
1511 4.106793e-21
1512 4.091461e-21
1513 4.076196e-21
1514 4.060998e-21
1515 4.045866e-21
1516 4.030800e-21
1517 4.015801e-21
1518 4.000866e-21
1519 3.985996e-21
1520 3.971192e-21
1521 3.956451e-21
1522 3.941775e-21
1523 3.927162e-21
1524 3.912613e-21
1525 3.898128e-21
1526 3.883704e-21
1527 3.869344e-21
1528 3.855046e-21
1529 3.840809e-21
1530 3.826635e-21
1531 3.812521e-21
1532 3.798469e-21
1533 3.784477e-21
1534 3.770545e-21
1535 3.756674e-21
1536 3.742862e-21
1537 3.729111e-21
1538 3.715418e-21
1539 3.701784e-21
1540 3.688209e-21
1541 3.674692e-21
1542 3.661233e-21
1543 3.647832e-21
1544 3.634488e-21
1545 3.621202e-21
1546 3.607972e-21
1547 3.594800e-21
1548 3.581683e-21
1549 3.568622e-21
1550 3.555617e-21
1551 3.542669e-21
1552 3.529774e-21
1553 3.516936e-21
1554 3.504151e-21
1555 3.491422e-21
1556 3.478746e-21
1557 3.466125e-21
1558 3.453557e-21
1559 3.441043e-21
1560 3.428581e-21
1561 3.416173e-21
1562 3.403817e-21
1563 3.391514e-21
1564 3.379263e-21
1565 3.367063e-21
1566 3.354916e-21
1567 3.342819e-21
1568 3.330774e-21
1569 3.318779e-21
1570 3.306836e-21
1571 3.294943e-21
1572 3.283099e-21
1573 3.271306e-21
1574 3.259562e-21
1575 3.247868e-21
1576 3.236224e-21
1577 3.224627e-21
1578 3.213080e-21
1579 3.201582e-21
1580 3.190131e-21
1581 3.178728e-21
1582 3.167374e-21
1583 3.156066e-21
1584 3.144807e-21
1585 3.133594e-21
1586 3.122428e-21
1587 3.111309e-21
1588 3.100236e-21
1589 3.089210e-21
1590 3.078230e-21
1591 3.067295e-21
1592 3.056406e-21
1593 3.045562e-21
1594 3.034764e-21
1595 3.024009e-21
1596 3.013300e-21
1597 3.002636e-21
1598 2.992015e-21
1599 2.981439e-21
1600 2.970907e-21
1601 2.960419e-21
1602 2.949973e-21
1603 2.939571e-21
1604 2.929212e-21
1605 2.918896e-21
1606 2.908622e-21
1607 2.898391e-21
1608 2.888202e-21
1609 2.878055e-21
1610 2.867950e-21
1611 2.857887e-21
1612 2.847865e-21
1613 2.837884e-21
1614 2.827944e-21
1615 2.818045e-21
1616 2.808187e-21
1617 2.798370e-21
1618 2.788592e-21
1619 2.778855e-21
1620 2.769157e-21
1621 2.759500e-21
1622 2.749882e-21
1623 2.740303e-21
1624 2.730763e-21
1625 2.721263e-21
1626 2.711801e-21
1627 2.702378e-21
1628 2.692993e-21
1629 2.683647e-21
1630 2.674338e-21
1631 2.665068e-21
1632 2.655835e-21
1633 2.646640e-21
1634 2.637482e-21
1635 2.628362e-21
1636 2.619279e-21
1637 2.610231e-21
1638 2.601222e-21
1639 2.592248e-21
1640 2.583311e-21
1641 2.574411e-21
1642 2.565546e-21
1643 2.556717e-21
1644 2.547924e-21
1645 2.539165e-21
1646 2.530443e-21
1647 2.521756e-21
1648 2.513104e-21
1649 2.504487e-21
1650 2.495904e-21
1651 2.487356e-21
1652 2.478843e-21
1653 2.470363e-21
1654 2.461918e-21
1655 2.453507e-21
1656 2.445129e-21
1657 2.436785e-21
1658 2.428474e-21
1659 2.420197e-21
1660 2.411953e-21
1661 2.403742e-21
1662 2.395564e-21
1663 2.387418e-21
1664 2.379305e-21
1665 2.371225e-21
1666 2.363176e-21
1667 2.355160e-21
1668 2.347176e-21
1669 2.339223e-21
1670 2.331303e-21
1671 2.323413e-21
1672 2.315555e-21
1673 2.307729e-21
1674 2.299933e-21
1675 2.292169e-21
1676 2.284435e-21
1677 2.276732e-21
1678 2.269059e-21
1679 2.261417e-21
1680 2.253805e-21
1681 2.246223e-21
1682 2.238671e-21
1683 2.231149e-21
1684 2.223657e-21
1685 2.216194e-21
1686 2.208761e-21
1687 2.201357e-21
1688 2.193982e-21
1689 2.186637e-21
1690 2.179320e-21
1691 2.172032e-21
1692 2.164772e-21
1693 2.157541e-21
1694 2.150339e-21
1695 2.143164e-21
1696 2.136018e-21
1697 2.128900e-21
1698 2.121810e-21
1699 2.114747e-21
1700 2.107712e-21
1701 2.100706e-21
1702 2.093726e-21
1703 2.086773e-21
1704 2.079847e-21
1705 2.072949e-21
1706 2.066077e-21
1707 2.059232e-21
1708 2.052414e-21
1709 2.045622e-21
1710 2.038857e-21
1711 2.032118e-21
1712 2.025406e-21
1713 2.018719e-21
1714 2.012058e-21
1715 2.005423e-21
1716 1.998814e-21
1717 1.992231e-21
1718 1.985673e-21
1719 1.979140e-21
1720 1.972633e-21
1721 1.966150e-21
1722 1.959693e-21
1723 1.953261e-21
1724 1.946854e-21
1725 1.940471e-21
1726 1.934113e-21
1727 1.927779e-21
1728 1.921470e-21
1729 1.915185e-21
1730 1.908925e-21
1731 1.902688e-21
1732 1.896475e-21
1733 1.890287e-21
1734 1.884122e-21
1735 1.877980e-21
1736 1.871862e-21
1737 1.865768e-21
1738 1.859697e-21
1739 1.853649e-21
1740 1.847624e-21
1741 1.841622e-21
1742 1.835644e-21
1743 1.829688e-21
1744 1.823755e-21
1745 1.817844e-21
1746 1.811956e-21
1747 1.806091e-21
1748 1.800247e-21
1749 1.794426e-21
1750 1.788627e-21
1751 1.782851e-21
1752 1.777096e-21
1753 1.771363e-21
1754 1.765652e-21
1755 1.759962e-21
1756 1.754294e-21
1757 1.748647e-21
1758 1.743022e-21
1759 1.737418e-21
1760 1.731835e-21
1761 1.726274e-21
1762 1.720733e-21
1763 1.715214e-21
1764 1.709715e-21
1765 1.704237e-21
1766 1.698779e-21
1767 1.693342e-21
1768 1.687926e-21
1769 1.682530e-21
1770 1.677154e-21
1771 1.671799e-21
1772 1.666464e-21
1773 1.661148e-21
1774 1.655853e-21
1775 1.650577e-21
1776 1.645321e-21
1777 1.640086e-21
1778 1.634869e-21
1779 1.629672e-21
1780 1.624495e-21
1781 1.619336e-21
1782 1.614197e-21
1783 1.609078e-21
1784 1.603977e-21
1785 1.598896e-21
1786 1.593833e-21
1787 1.588789e-21
1788 1.583765e-21
1789 1.578758e-21
1790 1.573771e-21
1791 1.568802e-21
1792 1.563851e-21
1793 1.558919e-21
1794 1.554005e-21
1795 1.549109e-21
1796 1.544232e-21
1797 1.539372e-21
1798 1.534531e-21
1799 1.529707e-21
1800 1.524901e-21
1801 1.520113e-21
1802 1.515343e-21
1803 1.510591e-21
1804 1.505855e-21
1805 1.501138e-21
1806 1.496437e-21
1807 1.491754e-21
1808 1.487089e-21
1809 1.482440e-21
1810 1.477809e-21
1811 1.473194e-21
1812 1.468597e-21
1813 1.464016e-21
1814 1.459452e-21
1815 1.454906e-21
1816 1.450375e-21
1817 1.445862e-21
1818 1.441364e-21
1819 1.436884e-21
1820 1.432419e-21
1821 1.427971e-21
1822 1.423539e-21
1823 1.419124e-21
1824 1.414724e-21
1825 1.410341e-21
1826 1.405973e-21
1827 1.401621e-21
1828 1.397286e-21
1829 1.392966e-21
1830 1.388662e-21
1831 1.384373e-21
1832 1.380100e-21
1833 1.375842e-21
1834 1.371601e-21
1835 1.367374e-21
1836 1.363163e-21
1837 1.358966e-21
1838 1.354786e-21
1839 1.350620e-21
1840 1.346469e-21
1841 1.342334e-21
1842 1.338213e-21
1843 1.334107e-21
1844 1.330016e-21
1845 1.325940e-21
1846 1.321878e-21
1847 1.317832e-21
1848 1.313799e-21
1849 1.309781e-21
1850 1.305778e-21
1851 1.301789e-21
1852 1.297814e-21
1853 1.293854e-21
1854 1.289908e-21
1855 1.285976e-21
1856 1.282058e-21
1857 1.278154e-21
1858 1.274264e-21
1859 1.270388e-21
1860 1.266526e-21
1861 1.262678e-21
1862 1.258843e-21
1863 1.255022e-21
1864 1.251215e-21
1865 1.247421e-21
1866 1.243641e-21
1867 1.239874e-21
1868 1.236121e-21
1869 1.232381e-21
1870 1.228655e-21
1871 1.224941e-21
1872 1.221241e-21
1873 1.217555e-21
1874 1.213881e-21
1875 1.210220e-21
1876 1.206572e-21
1877 1.202937e-21
1878 1.199315e-21
1879 1.195706e-21
1880 1.192109e-21
1881 1.188526e-21
1882 1.184955e-21
1883 1.181396e-21
1884 1.177851e-21
1885 1.174317e-21
1886 1.170796e-21
1887 1.167288e-21
1888 1.163792e-21
1889 1.160308e-21
1890 1.156837e-21
1891 1.153377e-21
1892 1.149930e-21
1893 1.146495e-21
1894 1.143072e-21
1895 1.139661e-21
1896 1.136262e-21
1897 1.132875e-21
1898 1.129500e-21
1899 1.126137e-21
1900 1.122785e-21
1901 1.119446e-21
1902 1.116117e-21
1903 1.112801e-21
1904 1.109496e-21
1905 1.106203e-21
1906 1.102921e-21
1907 1.099650e-21
1908 1.096392e-21
1909 1.093144e-21
1910 1.089907e-21
1911 1.086682e-21
1912 1.083468e-21
1913 1.080266e-21
1914 1.077074e-21
1915 1.073894e-21
1916 1.070724e-21
1917 1.067566e-21
1918 1.064418e-21
1919 1.061282e-21
1920 1.058156e-21
1921 1.055041e-21
1922 1.051937e-21
1923 1.048844e-21
1924 1.045761e-21
1925 1.042689e-21
1926 1.039627e-21
1927 1.036577e-21
1928 1.033536e-21
1929 1.030507e-21
1930 1.027487e-21
1931 1.024478e-21
1932 1.021479e-21
1933 1.018491e-21
1934 1.015513e-21
1935 1.012545e-21
1936 1.009588e-21
1937 1.006640e-21
1938 1.003703e-21
1939 1.000775e-21
1940 9.978582e-22
1941 9.949510e-22
1942 9.920537e-22
1943 9.891661e-22
1944 9.862886e-22
1945 9.834210e-22
1946 9.805631e-22
1947 9.777148e-22
1948 9.748764e-22
1949 9.720477e-22
1950 9.692287e-22
1951 9.664192e-22
1952 9.636191e-22
1953 9.608287e-22
1954 9.580479e-22
1955 9.552764e-22
1956 9.525145e-22
1957 9.497616e-22
1958 9.470183e-22
1959 9.442844e-22
1960 9.415597e-22
1961 9.388442e-22
1962 9.361380e-22
1963 9.334406e-22
1964 9.307527e-22
1965 9.280738e-22
1966 9.254040e-22
1967 9.227432e-22
1968 9.200914e-22
1969 9.174483e-22
1970 9.148144e-22
1971 9.121894e-22
1972 9.095732e-22
1973 9.069658e-22
1974 9.043672e-22
1975 9.017771e-22
1976 8.991960e-22
1977 8.966235e-22
1978 8.940597e-22
1979 8.915045e-22
1980 8.889579e-22
1981 8.864198e-22
1982 8.838900e-22
1983 8.813689e-22
1984 8.788563e-22
1985 8.763521e-22
1986 8.738563e-22
1987 8.713688e-22
1988 8.688896e-22
1989 8.664188e-22
1990 8.639559e-22
1991 8.615015e-22
1992 8.590553e-22
1993 8.566173e-22
1994 8.541874e-22
1995 8.517656e-22
1996 8.493518e-22
1997 8.469461e-22
1998 8.445484e-22
1999 8.421585e-22
2000 8.397767e-22
2001 8.374028e-22
2002 8.350369e-22
2003 8.326787e-22
2004 8.303284e-22
2005 8.279859e-22
2006 8.256511e-22
2007 8.233241e-22
2008 8.210048e-22
2009 8.186932e-22
2010 8.163890e-22
2011 8.140926e-22
2012 8.118038e-22
2013 8.095226e-22
2014 8.072489e-22
2015 8.049827e-22
2016 8.027240e-22
2017 8.004727e-22
2018 7.982288e-22
2019 7.959923e-22
2020 7.937632e-22
2021 7.915414e-22
2022 7.893269e-22
2023 7.871197e-22
2024 7.849197e-22
2025 7.827270e-22
2026 7.805413e-22
2027 7.783629e-22
2028 7.761916e-22
2029 7.740275e-22
2030 7.718704e-22
2031 7.697204e-22
2032 7.675775e-22
2033 7.654415e-22
2034 7.633125e-22
2035 7.611905e-22
2036 7.590754e-22
2037 7.569672e-22
2038 7.548659e-22
2039 7.527714e-22
2040 7.506837e-22
2041 7.486028e-22
2042 7.465287e-22
2043 7.444614e-22
2044 7.424007e-22
2045 7.403468e-22
2046 7.382995e-22
2047 7.362589e-22
2048 7.342249e-22
2049 7.321974e-22
2050 7.301766e-22
2051 7.281623e-22
2052 7.261545e-22
2053 7.241532e-22
2054 7.221584e-22
2055 7.201700e-22
2056 7.181880e-22
2057 7.162125e-22
2058 7.142433e-22
2059 7.122805e-22
2060 7.103240e-22
2061 7.083738e-22
2062 7.064299e-22
2063 7.044922e-22
2064 7.025608e-22
2065 7.006356e-22
2066 6.987166e-22
2067 6.968038e-22
2068 6.948971e-22
2069 6.929965e-22
2070 6.911021e-22
2071 6.892138e-22
2072 6.873315e-22
2073 6.854552e-22
2074 6.835849e-22
2075 6.817206e-22
2076 6.798623e-22
2077 6.780100e-22
2078 6.761635e-22
2079 6.743230e-22
2080 6.724883e-22
2081 6.706595e-22
2082 6.688365e-22
2083 6.670194e-22
2084 6.652080e-22
2085 6.634025e-22
2086 6.616026e-22
2087 6.598085e-22
2088 6.580203e-22
2089 6.562376e-22
2090 6.544606e-22
2091 6.526893e-22
2092 6.509235e-22
2093 6.491634e-22
2094 6.474089e-22
2095 6.456599e-22
2096 6.439165e-22
2097 6.421786e-22
2098 6.404462e-22
2099 6.387194e-22
2100 6.369981e-22
2101 6.352821e-22
2102 6.335716e-22
2103 6.318664e-22
2104 6.301667e-22
2105 6.284723e-22
2106 6.267833e-22
2107 6.250996e-22
2108 6.234212e-22
2109 6.217483e-22
2110 6.200805e-22
2111 6.184179e-22
2112 6.167606e-22
2113 6.151085e-22
2114 6.134615e-22
2115 6.118198e-22
2116 6.101832e-22
2117 6.085518e-22
2118 6.069256e-22
2119 6.053044e-22
2120 6.036883e-22
2121 6.020772e-22
2122 6.004712e-22
2123 5.988702e-22
2124 5.972743e-22
2125 5.956834e-22
2126 5.940974e-22
2127 5.925164e-22
2128 5.909403e-22
2129 5.893691e-22
2130 5.878028e-22
2131 5.862414e-22
2132 5.846850e-22
2133 5.831334e-22
2134 5.815865e-22
2135 5.800445e-22
2136 5.785073e-22
2137 5.769748e-22
2138 5.754473e-22
2139 5.739244e-22
2140 5.724062e-22
2141 5.708927e-22
2142 5.693839e-22
2143 5.678798e-22
2144 5.663805e-22
2145 5.648857e-22
2146 5.633955e-22
2147 5.619100e-22
2148 5.604290e-22
2149 5.589526e-22
2150 5.574809e-22
2151 5.560137e-22
2152 5.545509e-22
2153 5.530927e-22
2154 5.516390e-22
2155 5.501899e-22
2156 5.487451e-22
2157 5.473048e-22
2158 5.458689e-22
2159 5.444374e-22
2160 5.430105e-22
2161 5.415878e-22
2162 5.401695e-22
2163 5.387556e-22
2164 5.373460e-22
2165 5.359409e-22
2166 5.345399e-22
2167 5.331433e-22
2168 5.317509e-22
2169 5.303629e-22
2170 5.289791e-22
2171 5.275995e-22
2172 5.262241e-22
2173 5.248529e-22
2174 5.234860e-22
2175 5.221232e-22
2176 5.207646e-22
2177 5.194101e-22
2178 5.180599e-22
2179 5.167137e-22
2180 5.153715e-22
2181 5.140335e-22
2182 5.126995e-22
2183 5.113698e-22
2184 5.100439e-22
2185 5.087221e-22
2186 5.074043e-22
2187 5.060907e-22
2188 5.047809e-22
2189 5.034751e-22
2190 5.021733e-22
2191 5.008755e-22
2192 4.995816e-22
2193 4.982915e-22
2194 4.970054e-22
2195 4.957233e-22
2196 4.944450e-22
2197 4.931706e-22
2198 4.919000e-22
2199 4.906333e-22
2200 4.893704e-22
2201 4.881113e-22
2202 4.868561e-22
2203 4.856046e-22
2204 4.843569e-22
2205 4.831129e-22
2206 4.818728e-22
2207 4.806363e-22
2208 4.794036e-22
2209 4.781745e-22
2210 4.769493e-22
2211 4.757276e-22
2212 4.745097e-22
2213 4.732955e-22
2214 4.720848e-22
2215 4.708778e-22
2216 4.696744e-22
2217 4.684747e-22
2218 4.672785e-22
2219 4.660859e-22
2220 4.648970e-22
2221 4.637115e-22
2222 4.625296e-22
2223 4.613513e-22
2224 4.601765e-22
2225 4.590051e-22
2226 4.578373e-22
2227 4.566731e-22
2228 4.555122e-22
2229 4.543548e-22
2230 4.532009e-22
2231 4.520504e-22
2232 4.509033e-22
2233 4.497598e-22
2234 4.486195e-22
2235 4.474827e-22
2236 4.463493e-22
2237 4.452192e-22
2238 4.440925e-22
2239 4.429692e-22
2240 4.418491e-22
2241 4.407324e-22
2242 4.396191e-22
2243 4.385090e-22
2244 4.374022e-22
2245 4.362987e-22
2246 4.351985e-22
2247 4.341015e-22
2248 4.330078e-22
2249 4.319173e-22
2250 4.308300e-22
2251 4.297460e-22
2252 4.286651e-22
2253 4.275874e-22
2254 4.265130e-22
2255 4.254417e-22
2256 4.243735e-22
2257 4.233086e-22
2258 4.222467e-22
2259 4.211880e-22
2260 4.201324e-22
2261 4.190799e-22
2262 4.180305e-22
2263 4.169842e-22
2264 4.159410e-22
2265 4.149009e-22
2266 4.138637e-22
2267 4.128296e-22
2268 4.117987e-22
2269 4.107706e-22
2270 4.097456e-22
2271 4.087237e-22
2272 4.077047e-22
2273 4.066887e-22
2274 4.056757e-22
2275 4.046656e-22
2276 4.036585e-22
2277 4.026543e-22
2278 4.016531e-22
2279 4.006549e-22
2280 3.996594e-22
2281 3.986670e-22
2282 3.976774e-22
2283 3.966907e-22
2284 3.957069e-22
2285 3.947259e-22
2286 3.937479e-22
2287 3.927726e-22
2288 3.918002e-22
2289 3.908307e-22
2290 3.898639e-22
2291 3.889000e-22
2292 3.879388e-22
2293 3.869805e-22
2294 3.860250e-22
2295 3.850721e-22
2296 3.841222e-22
2297 3.831749e-22
2298 3.822303e-22
2299 3.812886e-22
2300 3.803495e-22
2301 3.794132e-22
2302 3.784795e-22
2303 3.775486e-22
2304 3.766204e-22
2305 3.756948e-22
2306 3.747720e-22
2307 3.738517e-22
2308 3.729342e-22
2309 3.720193e-22
2310 3.711070e-22
2311 3.701974e-22
2312 3.692903e-22
2313 3.683860e-22
2314 3.674841e-22
2315 3.665850e-22
2316 3.656883e-22
2317 3.647942e-22
2318 3.639028e-22
2319 3.630139e-22
2320 3.621276e-22
2321 3.612437e-22
2322 3.603625e-22
2323 3.594837e-22
2324 3.586076e-22
2325 3.577338e-22
2326 3.568626e-22
2327 3.559939e-22
2328 3.551276e-22
2329 3.542639e-22
2330 3.534026e-22
2331 3.525438e-22
2332 3.516874e-22
2333 3.508336e-22
2334 3.499821e-22
2335 3.491331e-22
2336 3.482864e-22
2337 3.474422e-22
2338 3.466004e-22
2339 3.457610e-22
2340 3.449240e-22
2341 3.440893e-22
2342 3.432571e-22
2343 3.424272e-22
2344 3.415997e-22
2345 3.407745e-22
2346 3.399517e-22
2347 3.391312e-22
2348 3.383131e-22
2349 3.374972e-22
2350 3.366837e-22
2351 3.358724e-22
2352 3.350636e-22
2353 3.342569e-22
2354 3.334526e-22
2355 3.326505e-22
2356 3.318507e-22
2357 3.310531e-22
2358 3.302579e-22
2359 3.294648e-22
2360 3.286740e-22
2361 3.278854e-22
2362 3.270991e-22
2363 3.263150e-22
2364 3.255330e-22
2365 3.247533e-22
2366 3.239758e-22
2367 3.232005e-22
2368 3.224273e-22
2369 3.216564e-22
2370 3.208875e-22
2371 3.201209e-22
2372 3.193565e-22
2373 3.185941e-22
2374 3.178339e-22
2375 3.170758e-22
2376 3.163199e-22
2377 3.155661e-22
2378 3.148144e-22
2379 3.140647e-22
2380 3.133173e-22
2381 3.125718e-22
2382 3.118285e-22
2383 3.110872e-22
2384 3.103481e-22
2385 3.096109e-22
2386 3.088759e-22
2387 3.081429e-22
2388 3.074119e-22
2389 3.066830e-22
2390 3.059561e-22
2391 3.052312e-22
2392 3.045084e-22
2393 3.037875e-22
2394 3.030687e-22
2395 3.023519e-22
2396 3.016371e-22
2397 3.009242e-22
2398 3.002133e-22
2399 2.995045e-22
2400 2.987975e-22
2401 2.980926e-22
2402 2.973895e-22
2403 2.966885e-22
2404 2.959893e-22
2405 2.952921e-22
2406 2.945969e-22
2407 2.939035e-22
2408 2.932122e-22
2409 2.925226e-22
2410 2.918350e-22
2411 2.911493e-22
2412 2.904655e-22
2413 2.897836e-22
2414 2.891036e-22
2415 2.884254e-22
2416 2.877491e-22
2417 2.870747e-22
2418 2.864021e-22
2419 2.857314e-22
2420 2.850625e-22
2421 2.843955e-22
2422 2.837303e-22
2423 2.830669e-22
2424 2.824054e-22
2425 2.817456e-22
2426 2.810878e-22
2427 2.804316e-22
2428 2.797773e-22
2429 2.791249e-22
2430 2.784741e-22
2431 2.778252e-22
2432 2.771780e-22
2433 2.765326e-22
2434 2.758890e-22
2435 2.752471e-22
2436 2.746071e-22
2437 2.739687e-22
2438 2.733321e-22
2439 2.726972e-22
2440 2.720641e-22
2441 2.714327e-22
2442 2.708030e-22
2443 2.701750e-22
2444 2.695487e-22
2445 2.689242e-22
2446 2.683014e-22
2447 2.676802e-22
2448 2.670608e-22
2449 2.664430e-22
2450 2.658269e-22
2451 2.652125e-22
2452 2.645997e-22
2453 2.639887e-22
2454 2.633792e-22
2455 2.627715e-22
2456 2.621654e-22
2457 2.615609e-22
2458 2.609581e-22
2459 2.603568e-22
2460 2.597573e-22
2461 2.591593e-22
2462 2.585630e-22
2463 2.579683e-22
2464 2.573751e-22
2465 2.567837e-22
2466 2.561938e-22
2467 2.556054e-22
2468 2.550187e-22
2469 2.544336e-22
2470 2.538500e-22
2471 2.532681e-22
2472 2.526876e-22
2473 2.521088e-22
2474 2.515315e-22
2475 2.509557e-22
2476 2.503816e-22
2477 2.498089e-22
2478 2.492378e-22
2479 2.486682e-22
2480 2.481002e-22
2481 2.475337e-22
2482 2.469687e-22
2483 2.464052e-22
2484 2.458432e-22
2485 2.452828e-22
2486 2.447238e-22
2487 2.441664e-22
2488 2.436104e-22
2489 2.430559e-22
2490 2.425029e-22
2491 2.419514e-22
2492 2.414013e-22
2493 2.408528e-22
2494 2.403057e-22
2495 2.397600e-22
2496 2.392158e-22
2497 2.386731e-22
2498 2.381318e-22
2499 2.375919e-22
2500 2.370535e-22
2501 2.365165e-22
2502 2.359810e-22
2503 2.354468e-22
2504 2.349142e-22
2505 2.343829e-22
2506 2.338530e-22
2507 2.333245e-22
2508 2.327975e-22
2509 2.322718e-22
2510 2.317475e-22
2511 2.312247e-22
2512 2.307031e-22
2513 2.301830e-22
2514 2.296643e-22
2515 2.291469e-22
2516 2.286310e-22
2517 2.281164e-22
2518 2.276031e-22
2519 2.270912e-22
2520 2.265806e-22
2521 2.260714e-22
2522 2.255635e-22
2523 2.250570e-22
2524 2.245519e-22
2525 2.240480e-22
2526 2.235455e-22
2527 2.230443e-22
2528 2.225443e-22
2529 2.220458e-22
2530 2.215486e-22
2531 2.210526e-22
2532 2.205579e-22
2533 2.200646e-22
2534 2.195725e-22
2535 2.190818e-22
2536 2.185923e-22
2537 2.181042e-22
2538 2.176172e-22
2539 2.171316e-22
2540 2.166473e-22
2541 2.161642e-22
2542 2.156824e-22
2543 2.152018e-22
2544 2.147225e-22
2545 2.142444e-22
2546 2.137677e-22
2547 2.132921e-22
2548 2.128178e-22
2549 2.123447e-22
2550 2.118729e-22
2551 2.114022e-22
2552 2.109329e-22
2553 2.104647e-22
2554 2.099978e-22
2555 2.095321e-22
2556 2.090676e-22
2557 2.086043e-22
2558 2.081421e-22
2559 2.076813e-22
2560 2.072216e-22
2561 2.067631e-22
2562 2.063057e-22
2563 2.058496e-22
2564 2.053947e-22
2565 2.049409e-22
2566 2.044883e-22
2567 2.040369e-22
2568 2.035867e-22
2569 2.031376e-22
2570 2.026897e-22
2571 2.022430e-22
2572 2.017974e-22
2573 2.013529e-22
2574 2.009096e-22
2575 2.004675e-22
2576 2.000265e-22
2577 1.995866e-22
2578 1.991479e-22
2579 1.987103e-22
2580 1.982738e-22
2581 1.978385e-22
2582 1.974043e-22
2583 1.969712e-22
2584 1.965392e-22
2585 1.961083e-22
2586 1.956785e-22
2587 1.952499e-22
2588 1.948223e-22
2589 1.943959e-22
2590 1.939705e-22
2591 1.935462e-22
2592 1.931230e-22
2593 1.927010e-22
2594 1.922800e-22
2595 1.918600e-22
2596 1.914411e-22
2597 1.910234e-22
2598 1.906067e-22
2599 1.901910e-22
2600 1.897764e-22
2601 1.893629e-22
2602 1.889505e-22
2603 1.885391e-22
2604 1.881287e-22
2605 1.877194e-22
2606 1.873112e-22
2607 1.869040e-22
2608 1.864977e-22
2609 1.860926e-22
2610 1.856885e-22
2611 1.852854e-22
2612 1.848834e-22
2613 1.844823e-22
2614 1.840823e-22
2615 1.836834e-22
2616 1.832854e-22
2617 1.828884e-22
2618 1.824925e-22
2619 1.820975e-22
2620 1.817036e-22
2621 1.813107e-22
2622 1.809187e-22
2623 1.805278e-22
2624 1.801378e-22
2625 1.797489e-22
2626 1.793609e-22
2627 1.789739e-22
2628 1.785879e-22
2629 1.782028e-22
2630 1.778188e-22
2631 1.774356e-22
2632 1.770535e-22
2633 1.766724e-22
2634 1.762922e-22
2635 1.759130e-22
2636 1.755346e-22
2637 1.751573e-22
2638 1.747810e-22
2639 1.744056e-22
2640 1.740311e-22
2641 1.736575e-22
2642 1.732849e-22
2643 1.729133e-22
2644 1.725426e-22
2645 1.721728e-22
2646 1.718039e-22
2647 1.714360e-22
2648 1.710690e-22
2649 1.707029e-22
2650 1.703378e-22
2651 1.699735e-22
2652 1.696102e-22
2653 1.692478e-22
2654 1.688863e-22
2655 1.685257e-22
2656 1.681660e-22
2657 1.678072e-22
2658 1.674493e-22
2659 1.670923e-22
2660 1.667362e-22
2661 1.663809e-22
2662 1.660266e-22
2663 1.656732e-22
2664 1.653206e-22
2665 1.649689e-22
2666 1.646181e-22
2667 1.642682e-22
2668 1.639191e-22
2669 1.635709e-22
2670 1.632236e-22
2671 1.628772e-22
2672 1.625316e-22
2673 1.621869e-22
2674 1.618430e-22
2675 1.615000e-22
2676 1.611578e-22
2677 1.608165e-22
2678 1.604760e-22
2679 1.601364e-22
2680 1.597977e-22
2681 1.594597e-22
2682 1.591227e-22
2683 1.587864e-22
2684 1.584510e-22
2685 1.581164e-22
2686 1.577826e-22
2687 1.574497e-22
2688 1.571176e-22
2689 1.567863e-22
2690 1.564558e-22
2691 1.561262e-22
2692 1.557973e-22
2693 1.554693e-22
2694 1.551421e-22
2695 1.548157e-22
2696 1.544901e-22
2697 1.541653e-22
2698 1.538413e-22
2699 1.535181e-22
2700 1.531958e-22
2701 1.528742e-22
2702 1.525534e-22
2703 1.522333e-22
2704 1.519141e-22
2705 1.515956e-22
2706 1.512780e-22
2707 1.509611e-22
2708 1.506450e-22
2709 1.503297e-22
2710 1.500151e-22
2711 1.497013e-22
2712 1.493883e-22
2713 1.490761e-22
2714 1.487646e-22
2715 1.484539e-22
2716 1.481440e-22
2717 1.478348e-22
2718 1.475264e-22
2719 1.472187e-22
2720 1.469118e-22
2721 1.466056e-22
2722 1.463002e-22
2723 1.459955e-22
2724 1.456916e-22
2725 1.453884e-22
2726 1.450859e-22
2727 1.447842e-22
2728 1.444832e-22
2729 1.441830e-22
2730 1.438835e-22
2731 1.435847e-22
2732 1.432867e-22
2733 1.429893e-22
2734 1.426927e-22
2735 1.423968e-22
2736 1.421017e-22
2737 1.418072e-22
2738 1.415135e-22
2739 1.412205e-22
2740 1.409282e-22
2741 1.406366e-22
2742 1.403457e-22
2743 1.400555e-22
2744 1.397661e-22
2745 1.394773e-22
2746 1.391892e-22
2747 1.389018e-22
2748 1.386152e-22
2749 1.383292e-22
2750 1.380438e-22
2751 1.377592e-22
2752 1.374753e-22
2753 1.371921e-22
2754 1.369096e-22
2755 1.366277e-22
2756 1.363465e-22
2757 1.360660e-22
2758 1.357862e-22
2759 1.355070e-22
2760 1.352285e-22
2761 1.349507e-22
2762 1.346736e-22
2763 1.343971e-22
2764 1.341213e-22
2765 1.338462e-22
2766 1.335717e-22
2767 1.332979e-22
2768 1.330247e-22
2769 1.327522e-22
2770 1.324803e-22
2771 1.322091e-22
2772 1.319386e-22
2773 1.316687e-22
2774 1.313994e-22
2775 1.311308e-22
2776 1.308629e-22
2777 1.305956e-22
2778 1.303289e-22
2779 1.300629e-22
2780 1.297974e-22
2781 1.295327e-22
2782 1.292685e-22
2783 1.290050e-22
2784 1.287422e-22
2785 1.284799e-22
2786 1.282183e-22
2787 1.279573e-22
2788 1.276970e-22
2789 1.274372e-22
2790 1.271781e-22
2791 1.269196e-22
2792 1.266617e-22
2793 1.264044e-22
2794 1.261478e-22
2795 1.258917e-22
2796 1.256363e-22
2797 1.253815e-22
2798 1.251273e-22
2799 1.248737e-22
2800 1.246207e-22
2801 1.243683e-22
2802 1.241164e-22
2803 1.238652e-22
2804 1.236146e-22
2805 1.233646e-22
2806 1.231152e-22
2807 1.228663e-22
2808 1.226181e-22
2809 1.223704e-22
2810 1.221234e-22
2811 1.218769e-22
2812 1.216310e-22
2813 1.213857e-22
2814 1.211410e-22
2815 1.208968e-22
2816 1.206533e-22
2817 1.204103e-22
2818 1.201678e-22
2819 1.199260e-22
2820 1.196847e-22
2821 1.194440e-22
2822 1.192039e-22
2823 1.189643e-22
2824 1.187253e-22
2825 1.184868e-22
2826 1.182489e-22
2827 1.180116e-22
2828 1.177749e-22
2829 1.175387e-22
2830 1.173030e-22
2831 1.170679e-22
2832 1.168334e-22
2833 1.165994e-22
2834 1.163660e-22
2835 1.161331e-22
2836 1.159007e-22
2837 1.156689e-22
2838 1.154377e-22
2839 1.152070e-22
2840 1.149768e-22
2841 1.147472e-22
2842 1.145181e-22
2843 1.142895e-22
2844 1.140615e-22
2845 1.138340e-22
2846 1.136071e-22
2847 1.133806e-22
2848 1.131547e-22
2849 1.129294e-22
2850 1.127045e-22
2851 1.124802e-22
2852 1.122565e-22
2853 1.120332e-22
2854 1.118104e-22
2855 1.115882e-22
2856 1.113665e-22
2857 1.111453e-22
2858 1.109247e-22
2859 1.107045e-22
2860 1.104849e-22
2861 1.102657e-22
2862 1.100471e-22
2863 1.098290e-22
2864 1.096114e-22
2865 1.093943e-22
2866 1.091777e-22
2867 1.089616e-22
2868 1.087460e-22
2869 1.085309e-22
2870 1.083163e-22
2871 1.081022e-22
2872 1.078886e-22
2873 1.076755e-22
2874 1.074629e-22
2875 1.072508e-22
2876 1.070392e-22
2877 1.068280e-22
2878 1.066174e-22
2879 1.064072e-22
2880 1.061975e-22
2881 1.059884e-22
2882 1.057797e-22
2883 1.055714e-22
2884 1.053637e-22
2885 1.051564e-22
2886 1.049496e-22
2887 1.047433e-22
2888 1.045375e-22
2889 1.043322e-22
2890 1.041273e-22
2891 1.039229e-22
2892 1.037189e-22
2893 1.035154e-22
2894 1.033124e-22
2895 1.031099e-22
2896 1.029078e-22
2897 1.027062e-22
2898 1.025051e-22
2899 1.023044e-22
2900 1.021042e-22
2901 1.019044e-22
2902 1.017051e-22
2903 1.015063e-22
2904 1.013079e-22
2905 1.011100e-22
2906 1.009125e-22
2907 1.007155e-22
2908 1.005189e-22
2909 1.003228e-22
2910 1.001271e-22
2911 9.993187e-23
2912 9.973709e-23
2913 9.954275e-23
2914 9.934886e-23
2915 9.915541e-23
2916 9.896240e-23
2917 9.876984e-23
2918 9.857771e-23
2919 9.838603e-23
2920 9.819478e-23
2921 9.800396e-23
2922 9.781358e-23
2923 9.762364e-23
2924 9.743413e-23
2925 9.724505e-23
2926 9.705640e-23
2927 9.686818e-23
2928 9.668039e-23
2929 9.649302e-23
2930 9.630609e-23
2931 9.611957e-23
2932 9.593348e-23
2933 9.574782e-23
2934 9.556257e-23
2935 9.537775e-23
2936 9.519335e-23
2937 9.500936e-23
2938 9.482579e-23
2939 9.464264e-23
2940 9.445991e-23
2941 9.427758e-23
2942 9.409568e-23
2943 9.391418e-23
2944 9.373309e-23
2945 9.355242e-23
2946 9.337215e-23
2947 9.319229e-23
2948 9.301286e-23
2949 9.283381e-23
2950 9.265517e-23
2951 9.247693e-23
2952 9.229910e-23
2953 9.212166e-23
2954 9.194463e-23
2955 9.176799e-23
2956 9.159176e-23
2957 9.141592e-23
2958 9.124048e-23
2959 9.106543e-23
2960 9.089078e-23
2961 9.071652e-23
2962 9.054265e-23
2963 9.036917e-23
2964 9.019608e-23
2965 9.002339e-23
2966 8.985108e-23
2967 8.967916e-23
2968 8.950762e-23
2969 8.933647e-23
2970 8.916570e-23
2971 8.899532e-23
2972 8.882534e-23
2973 8.865572e-23
2974 8.848647e-23
2975 8.831761e-23
2976 8.814913e-23
2977 8.798102e-23
2978 8.781329e-23
2979 8.764594e-23
2980 8.747896e-23
2981 8.731235e-23
2982 8.714611e-23
2983 8.698025e-23
2984 8.681475e-23
2985 8.664963e-23
2986 8.648487e-23
2987 8.632048e-23
2988 8.615646e-23
2989 8.599280e-23
2990 8.582953e-23
2991 8.566660e-23
2992 8.550404e-23
2993 8.534183e-23
2994 8.517999e-23
2995 8.501851e-23
2996 8.485738e-23
2997 8.469662e-23
2998 8.453621e-23
2999 8.437615e-23
3000 8.421645e-23
3001 8.405711e-23
3002 8.389812e-23
3003 8.373948e-23
3004 8.358120e-23
3005 8.342328e-23
3006 8.326570e-23
3007 8.310846e-23
3008 8.295157e-23
3009 8.279503e-23
3010 8.263883e-23
3011 8.248299e-23
3012 8.232748e-23
3013 8.217232e-23
3014 8.201750e-23
3015 8.186303e-23
3016 8.170889e-23
3017 8.155510e-23
3018 8.140166e-23
3019 8.124854e-23
3020 8.109576e-23
3021 8.094332e-23
3022 8.079122e-23
3023 8.063945e-23
3024 8.048801e-23
3025 8.033691e-23
3026 8.018614e-23
3027 8.003570e-23
3028 7.988559e-23
3029 7.973581e-23
3030 7.958639e-23
3031 7.943727e-23
3032 7.928847e-23
3033 7.914001e-23
3034 7.899187e-23
3035 7.884406e-23
3036 7.869657e-23
3037 7.854940e-23
3038 7.840256e-23
3039 7.825604e-23
3040 7.810984e-23
3041 7.796398e-23
3042 7.781842e-23
3043 7.767318e-23
3044 7.752826e-23
3045 7.738365e-23
3046 7.723936e-23
3047 7.709539e-23
3048 7.695173e-23
3049 7.680839e-23
3050 7.666535e-23
3051 7.652264e-23
3052 7.638025e-23
3053 7.623815e-23
3054 7.609636e-23
3055 7.595489e-23
3056 7.581372e-23
3057 7.567286e-23
3058 7.553230e-23
3059 7.539206e-23
3060 7.525211e-23
3061 7.511248e-23
3062 7.497316e-23
3063 7.483413e-23
3064 7.469540e-23
3065 7.455698e-23
3066 7.441885e-23
3067 7.428103e-23
3068 7.414350e-23
3069 7.400627e-23
3070 7.386934e-23
3071 7.373273e-23
3072 7.359639e-23
3073 7.346035e-23
3074 7.332461e-23
3075 7.318916e-23
3076 7.305400e-23
3077 7.291913e-23
3078 7.278456e-23
3079 7.265028e-23
3080 7.251630e-23
3081 7.238260e-23
3082 7.224919e-23
3083 7.211607e-23
3084 7.198323e-23
3085 7.185068e-23
3086 7.171841e-23
3087 7.158644e-23
3088 7.145476e-23
3089 7.132335e-23
3090 7.119222e-23
3091 7.106138e-23
3092 7.093082e-23
3093 7.080054e-23
3094 7.067054e-23
3095 7.054082e-23
3096 7.041137e-23
3097 7.028223e-23
3098 7.015334e-23
3099 7.002473e-23
3100 6.989640e-23
3101 6.976834e-23
3102 6.964056e-23
3103 6.951306e-23
3104 6.938584e-23
3105 6.925888e-23
3106 6.913219e-23
3107 6.900577e-23
3108 6.887963e-23
3109 6.875375e-23
3110 6.862814e-23
3111 6.850281e-23
3112 6.837775e-23
3113 6.825295e-23
3114 6.812842e-23
3115 6.800415e-23
3116 6.788015e-23
3117 6.775641e-23
3118 6.763294e-23
3119 6.750975e-23
3120 6.738680e-23
3121 6.726412e-23
3122 6.714170e-23
3123 6.701954e-23
3124 6.689764e-23
3125 6.677600e-23
3126 6.665462e-23
3127 6.653351e-23
3128 6.641265e-23
3129 6.629204e-23
3130 6.617169e-23
3131 6.605160e-23
3132 6.593176e-23
3133 6.581219e-23
3134 6.569287e-23
3135 6.557379e-23
3136 6.545497e-23
3137 6.533640e-23
3138 6.521808e-23
3139 6.510002e-23
3140 6.498222e-23
3141 6.486465e-23
3142 6.474734e-23
3143 6.463027e-23
3144 6.451345e-23
3145 6.439688e-23
3146 6.428056e-23
3147 6.416450e-23
3148 6.404866e-23
3149 6.393308e-23
3150 6.381774e-23
3151 6.370264e-23
3152 6.358778e-23
3153 6.347319e-23
3154 6.335882e-23
3155 6.324469e-23
3156 6.313081e-23
3157 6.301716e-23
3158 6.290375e-23
3159 6.279059e-23
3160 6.267768e-23
3161 6.256499e-23
3162 6.245253e-23
3163 6.234032e-23
3164 6.222834e-23
3165 6.211660e-23
3166 6.200510e-23
3167 6.189383e-23
3168 6.178279e-23
3169 6.167199e-23
3170 6.156141e-23
3171 6.145107e-23
3172 6.134098e-23
3173 6.123110e-23
3174 6.112146e-23
3175 6.101204e-23
3176 6.090285e-23
3177 6.079390e-23
3178 6.068518e-23
3179 6.057668e-23
3180 6.046841e-23
3181 6.036036e-23
3182 6.025254e-23
3183 6.014494e-23
3184 6.003759e-23
3185 5.993044e-23
3186 5.982352e-23
3187 5.971682e-23
3188 5.961034e-23
3189 5.950409e-23
3190 5.939807e-23
3191 5.929226e-23
3192 5.918667e-23
3193 5.908130e-23
3194 5.897615e-23
3195 5.887124e-23
3196 5.876653e-23
3197 5.866203e-23
3198 5.855775e-23
3199 5.845370e-23
3200 5.834985e-23
3201 5.824624e-23
3202 5.814283e-23
3203 5.803963e-23
3204 5.793665e-23
3205 5.783388e-23
3206 5.773134e-23
3207 5.762900e-23
3208 5.752687e-23
3209 5.742495e-23
3210 5.732324e-23
3211 5.722175e-23
3212 5.712047e-23
3213 5.701940e-23
3214 5.691853e-23
3215 5.681788e-23
3216 5.671743e-23
3217 5.661720e-23
3218 5.651717e-23
3219 5.641734e-23
3220 5.631772e-23
3221 5.621831e-23
3222 5.611911e-23
3223 5.602011e-23
3224 5.592131e-23
3225 5.582271e-23
3226 5.572432e-23
3227 5.562615e-23
3228 5.552816e-23
3229 5.543038e-23
3230 5.533280e-23
3231 5.523542e-23
3232 5.513824e-23
3233 5.504127e-23
3234 5.494449e-23
3235 5.484791e-23
3236 5.475153e-23
3237 5.465535e-23
3238 5.455937e-23
3239 5.446358e-23
3240 5.436799e-23
3241 5.427260e-23
3242 5.417740e-23
3243 5.408241e-23
3244 5.398760e-23
3245 5.389299e-23
3246 5.379857e-23
3247 5.370435e-23
3248 5.361033e-23
3249 5.351649e-23
3250 5.342284e-23
3251 5.332939e-23
3252 5.323614e-23
3253 5.314307e-23
3254 5.305018e-23
3255 5.295749e-23
3256 5.286499e-23
3257 5.277269e-23
3258 5.268057e-23
3259 5.258864e-23
3260 5.249689e-23
3261 5.240533e-23
3262 5.231397e-23
3263 5.222278e-23
3264 5.213178e-23
3265 5.204097e-23
3266 5.195034e-23
3267 5.185991e-23
3268 5.176965e-23
3269 5.167958e-23
3270 5.158969e-23
3271 5.149999e-23
3272 5.141047e-23
3273 5.132112e-23
3274 5.123196e-23
3275 5.114298e-23
3276 5.105420e-23
3277 5.096558e-23
3278 5.087714e-23
3279 5.078889e-23
3280 5.070082e-23
3281 5.061292e-23
3282 5.052520e-23
3283 5.043766e-23
3284 5.035029e-23
3285 5.026312e-23
3286 5.017611e-23
3287 5.008927e-23
3288 5.000261e-23
3289 4.991614e-23
3290 4.982984e-23
3291 4.974370e-23
3292 4.965775e-23
3293 4.957196e-23
3294 4.948636e-23
3295 4.940093e-23
3296 4.931566e-23
3297 4.923057e-23
3298 4.914566e-23
3299 4.906092e-23
3300 4.897634e-23
3301 4.889193e-23
3302 4.880770e-23
3303 4.872364e-23
3304 4.863975e-23
3305 4.855602e-23
3306 4.847247e-23
3307 4.838909e-23
3308 4.830587e-23
3309 4.822281e-23
3310 4.813993e-23
3311 4.805722e-23
3312 4.797467e-23
3313 4.789228e-23
3314 4.781006e-23
3315 4.772801e-23
3316 4.764612e-23
3317 4.756440e-23
3318 4.748284e-23
3319 4.740144e-23
3320 4.732021e-23
3321 4.723914e-23
3322 4.715823e-23
3323 4.707749e-23
3324 4.699691e-23
3325 4.691649e-23
3326 4.683623e-23
3327 4.675612e-23
3328 4.667619e-23
3329 4.659641e-23
3330 4.651679e-23
3331 4.643733e-23
3332 4.635803e-23
3333 4.627889e-23
3334 4.619990e-23
3335 4.612107e-23
3336 4.604241e-23
3337 4.596390e-23
3338 4.588554e-23
3339 4.580733e-23
3340 4.572930e-23
3341 4.565141e-23
3342 4.557367e-23
3343 4.549609e-23
3344 4.541868e-23
3345 4.534140e-23
3346 4.526429e-23
3347 4.518732e-23
3348 4.511052e-23
3349 4.503386e-23
3350 4.495735e-23
3351 4.488100e-23
3352 4.480480e-23
3353 4.472875e-23
3354 4.465285e-23
3355 4.457710e-23
3356 4.450151e-23
3357 4.442606e-23
3358 4.435076e-23
3359 4.427561e-23
3360 4.420062e-23
3361 4.412576e-23
3362 4.405106e-23
3363 4.397650e-23
3364 4.390210e-23
3365 4.382784e-23
3366 4.375372e-23
3367 4.367975e-23
3368 4.360594e-23
3369 4.353226e-23
3370 4.345873e-23
3371 4.338535e-23
3372 4.331212e-23
3373 4.323902e-23
3374 4.316607e-23
3375 4.309327e-23
3376 4.302061e-23
3377 4.294809e-23
3378 4.287571e-23
3379 4.280349e-23
3380 4.273140e-23
3381 4.265945e-23
3382 4.258764e-23
3383 4.251599e-23
3384 4.244446e-23
3385 4.237308e-23
3386 4.230184e-23
3387 4.223075e-23
3388 4.215978e-23
3389 4.208896e-23
3390 4.201829e-23
3391 4.194774e-23
3392 4.187734e-23
3393 4.180707e-23
3394 4.173695e-23
3395 4.166696e-23
3396 4.159711e-23
3397 4.152739e-23
3398 4.145783e-23
3399 4.138838e-23
3400 4.131908e-23
3401 4.124992e-23
3402 4.118088e-23
3403 4.111199e-23
3404 4.104322e-23
3405 4.097461e-23
3406 4.090611e-23
3407 4.083775e-23
3408 4.076953e-23
3409 4.070144e-23
3410 4.063349e-23
3411 4.056566e-23
3412 4.049798e-23
3413 4.043042e-23
3414 4.036299e-23
3415 4.029569e-23
3416 4.022854e-23
3417 4.016150e-23
3418 4.009460e-23
3419 4.002784e-23
3420 3.996119e-23
3421 3.989468e-23
3422 3.982830e-23
3423 3.976206e-23
3424 3.969593e-23
3425 3.962994e-23
3426 3.956408e-23
3427 3.949834e-23
3428 3.943273e-23
3429 3.936724e-23
3430 3.930190e-23
3431 3.923667e-23
3432 3.917157e-23
3433 3.910660e-23
3434 3.904175e-23
3435 3.897702e-23
3436 3.891243e-23
3437 3.884796e-23
3438 3.878361e-23
3439 3.871939e-23
3440 3.865530e-23
3441 3.859132e-23
3442 3.852747e-23
3443 3.846374e-23
3444 3.840015e-23
3445 3.833667e-23
3446 3.827331e-23
3447 3.821008e-23
3448 3.814697e-23
3449 3.808397e-23
3450 3.802110e-23
3451 3.795836e-23
3452 3.789573e-23
3453 3.783323e-23
3454 3.777085e-23
3455 3.770858e-23
3456 3.764643e-23
3457 3.758441e-23
3458 3.752251e-23
3459 3.746072e-23
3460 3.739905e-23
3461 3.733750e-23
3462 3.727607e-23
3463 3.721476e-23
3464 3.715357e-23
3465 3.709249e-23
3466 3.703153e-23
3467 3.697069e-23
3468 3.690996e-23
3469 3.684935e-23
3470 3.678886e-23
3471 3.672849e-23
3472 3.666822e-23
3473 3.660808e-23
3474 3.654805e-23
3475 3.648814e-23
3476 3.642833e-23
3477 3.636866e-23
3478 3.630908e-23
3479 3.624962e-23
3480 3.619029e-23
3481 3.613105e-23
3482 3.607194e-23
3483 3.601293e-23
3484 3.595405e-23
3485 3.589527e-23
3486 3.583660e-23
3487 3.577805e-23
3488 3.571961e-23
3489 3.566128e-23
3490 3.560307e-23
3491 3.554496e-23
3492 3.548696e-23
3493 3.542908e-23
3494 3.537131e-23
3495 3.531364e-23
3496 3.525608e-23
3497 3.519864e-23
3498 3.514131e-23
3499 3.508408e-23
3500 3.502697e-23
3501 3.496996e-23
3502 3.491306e-23
3503 3.485627e-23
3504 3.479958e-23
3505 3.474301e-23
3506 3.468655e-23
3507 3.463018e-23
3508 3.457393e-23
3509 3.451779e-23
3510 3.446175e-23
3511 3.440581e-23
3512 3.434999e-23
3513 3.429427e-23
3514 3.423865e-23
3515 3.418315e-23
3516 3.412774e-23
3517 3.407244e-23
3518 3.401724e-23
3519 3.396216e-23
3520 3.390717e-23
3521 3.385229e-23
3522 3.379752e-23
3523 3.374284e-23
3524 3.368827e-23
3525 3.363381e-23
3526 3.357944e-23
3527 3.352518e-23
3528 3.347103e-23
3529 3.341697e-23
3530 3.336301e-23
3531 3.330917e-23
3532 3.325542e-23
3533 3.320177e-23
3534 3.314823e-23
3535 3.309478e-23
3536 3.304143e-23
3537 3.298819e-23
3538 3.293505e-23
3539 3.288200e-23
3540 3.282906e-23
3541 3.277622e-23
3542 3.272347e-23
3543 3.267083e-23
3544 3.261829e-23
3545 3.256584e-23
3546 3.251350e-23
3547 3.246124e-23
3548 3.240909e-23
3549 3.235704e-23
3550 3.230509e-23
3551 3.225323e-23
3552 3.220147e-23
3553 3.214981e-23
3554 3.209824e-23
3555 3.204678e-23
3556 3.199540e-23
3557 3.194413e-23
3558 3.189295e-23
3559 3.184187e-23
3560 3.179088e-23
3561 3.173999e-23
3562 3.168919e-23
3563 3.163849e-23
3564 3.158789e-23
3565 3.153737e-23
3566 3.148695e-23
3567 3.143664e-23
3568 3.138641e-23
3569 3.133627e-23
3570 3.128623e-23
3571 3.123628e-23
3572 3.118642e-23
3573 3.113667e-23
3574 3.108700e-23
3575 3.103742e-23
3576 3.098794e-23
3577 3.093855e-23
3578 3.088924e-23
3579 3.084004e-23
3580 3.079092e-23
3581 3.074190e-23
3582 3.069297e-23
3583 3.064412e-23
3584 3.059538e-23
3585 3.054671e-23
3586 3.049814e-23
3587 3.044966e-23
3588 3.040127e-23
3589 3.035297e-23
3590 3.030476e-23
3591 3.025664e-23
3592 3.020860e-23
3593 3.016067e-23
3594 3.011281e-23
3595 3.006504e-23
3596 3.001737e-23
3597 2.996978e-23
3598 2.992227e-23
3599 2.987487e-23
3600 2.982754e-23
3601 2.978030e-23
3602 2.973315e-23
3603 2.968609e-23
3604 2.963911e-23
3605 2.959222e-23
3606 2.954542e-23
3607 2.949870e-23
3608 2.945207e-23
3609 2.940552e-23
3610 2.935907e-23
3611 2.931269e-23
3612 2.926640e-23
3613 2.922021e-23
3614 2.917409e-23
3615 2.912806e-23
3616 2.908211e-23
3617 2.903625e-23
3618 2.899047e-23
3619 2.894478e-23
3620 2.889916e-23
3621 2.885364e-23
3622 2.880820e-23
3623 2.876284e-23
3624 2.871757e-23
3625 2.867238e-23
3626 2.862727e-23
3627 2.858224e-23
3628 2.853730e-23
3629 2.849244e-23
3630 2.844766e-23
3631 2.840297e-23
3632 2.835836e-23
3633 2.831383e-23
3634 2.826937e-23
3635 2.822501e-23
3636 2.818072e-23
3637 2.813651e-23
3638 2.809240e-23
3639 2.804835e-23
3640 2.800439e-23
3641 2.796051e-23
3642 2.791671e-23
3643 2.787299e-23
3644 2.782935e-23
3645 2.778578e-23
3646 2.774231e-23
3647 2.769890e-23
3648 2.765559e-23
3649 2.761234e-23
3650 2.756918e-23
3651 2.752610e-23
3652 2.748309e-23
3653 2.744016e-23
3654 2.739732e-23
3655 2.735455e-23
3656 2.731185e-23
3657 2.726924e-23
3658 2.722670e-23
3659 2.718425e-23
3660 2.714187e-23
3661 2.709956e-23
3662 2.705734e-23
3663 2.701519e-23
3664 2.697311e-23
3665 2.693112e-23
3666 2.688920e-23
3667 2.684736e-23
3668 2.680560e-23
3669 2.676390e-23
3670 2.672229e-23
3671 2.668075e-23
3672 2.663929e-23
3673 2.659790e-23
3674 2.655659e-23
3675 2.651535e-23
3676 2.647419e-23
3677 2.643310e-23
3678 2.639209e-23
3679 2.635115e-23
3680 2.631029e-23
3681 2.626950e-23
3682 2.622878e-23
3683 2.618814e-23
3684 2.614757e-23
3685 2.610707e-23
3686 2.606665e-23
3687 2.602630e-23
3688 2.598603e-23
3689 2.594582e-23
3690 2.590569e-23
3691 2.586564e-23
3692 2.582565e-23
3693 2.578573e-23
3694 2.574590e-23
3695 2.570612e-23
3696 2.566643e-23
3697 2.562680e-23
3698 2.558725e-23
3699 2.554777e-23
3700 2.550835e-23
3701 2.546902e-23
3702 2.542974e-23
3703 2.539054e-23
3704 2.535142e-23
3705 2.531236e-23
3706 2.527338e-23
3707 2.523446e-23
3708 2.519561e-23
3709 2.515683e-23
3710 2.511812e-23
3711 2.507948e-23
3712 2.504092e-23
3713 2.500241e-23
3714 2.496399e-23
3715 2.492562e-23
3716 2.488733e-23
3717 2.484911e-23
3718 2.481095e-23
3719 2.477287e-23
3720 2.473485e-23
3721 2.469690e-23
3722 2.465902e-23
3723 2.462120e-23
3724 2.458346e-23
3725 2.454578e-23
3726 2.450816e-23
3727 2.447062e-23
3728 2.443314e-23
3729 2.439574e-23
3730 2.435839e-23
3731 2.432111e-23
3732 2.428391e-23
3733 2.424676e-23
3734 2.420969e-23
3735 2.417268e-23
3736 2.413573e-23
3737 2.409886e-23
3738 2.406204e-23
3739 2.402530e-23
3740 2.398862e-23
3741 2.395200e-23
3742 2.391545e-23
3743 2.387896e-23
3744 2.384255e-23
3745 2.380619e-23
3746 2.376990e-23
3747 2.373367e-23
3748 2.369751e-23
3749 2.366142e-23
3750 2.362538e-23
3751 2.358941e-23
3752 2.355351e-23
3753 2.351767e-23
3754 2.348189e-23
3755 2.344618e-23
3756 2.341053e-23
3757 2.337494e-23
3758 2.333942e-23
3759 2.330396e-23
3760 2.326856e-23
3761 2.323322e-23
3762 2.319795e-23
3763 2.316274e-23
3764 2.312760e-23
3765 2.309251e-23
3766 2.305749e-23
3767 2.302253e-23
3768 2.298763e-23
3769 2.295280e-23
3770 2.291802e-23
3771 2.288331e-23
3772 2.284866e-23
3773 2.281406e-23
3774 2.277954e-23
3775 2.274507e-23
3776 2.271066e-23
3777 2.267631e-23
3778 2.264202e-23
3779 2.260780e-23
3780 2.257363e-23
3781 2.253953e-23
3782 2.250548e-23
3783 2.247150e-23
3784 2.243758e-23
3785 2.240371e-23
3786 2.236991e-23
3787 2.233616e-23
3788 2.230248e-23
3789 2.226885e-23
3790 2.223528e-23
3791 2.220177e-23
3792 2.216832e-23
3793 2.213493e-23
3794 2.210160e-23
3795 2.206832e-23
3796 2.203511e-23
3797 2.200195e-23
3798 2.196886e-23
3799 2.193581e-23
3800 2.190283e-23
3801 2.186991e-23
3802 2.183704e-23
3803 2.180423e-23
3804 2.177148e-23
3805 2.173879e-23
3806 2.170615e-23
3807 2.167357e-23
3808 2.164105e-23
3809 2.160858e-23
3810 2.157618e-23
3811 2.154382e-23
3812 2.151153e-23
3813 2.147929e-23
3814 2.144710e-23
3815 2.141498e-23
3816 2.138291e-23
3817 2.135090e-23
3818 2.131894e-23
3819 2.128704e-23
3820 2.125519e-23
3821 2.122340e-23
3822 2.119167e-23
3823 2.115998e-23
3824 2.112836e-23
3825 2.109679e-23
3826 2.106528e-23
3827 2.103382e-23
3828 2.100241e-23
3829 2.097106e-23
3830 2.093977e-23
3831 2.090853e-23
3832 2.087734e-23
3833 2.084621e-23
3834 2.081513e-23
3835 2.078411e-23
3836 2.075314e-23
3837 2.072222e-23
3838 2.069136e-23
3839 2.066055e-23
3840 2.062980e-23
3841 2.059910e-23
3842 2.056845e-23
3843 2.053785e-23
3844 2.050731e-23
3845 2.047682e-23
3846 2.044638e-23
3847 2.041600e-23
3848 2.038567e-23
3849 2.035539e-23
3850 2.032517e-23
3851 2.029499e-23
3852 2.026488e-23
3853 2.023480e-23
3854 2.020479e-23
3855 2.017482e-23
3856 2.014491e-23
3857 2.011505e-23
3858 2.008524e-23
3859 2.005548e-23
3860 2.002577e-23
3861 1.999612e-23
3862 1.996652e-23
3863 1.993697e-23
3864 1.990746e-23
3865 1.987801e-23
3866 1.984861e-23
3867 1.981926e-23
3868 1.978997e-23
3869 1.976072e-23
3870 1.973152e-23
3871 1.970237e-23
3872 1.967327e-23
3873 1.964423e-23
3874 1.961523e-23
3875 1.958628e-23
3876 1.955739e-23
3877 1.952854e-23
3878 1.949974e-23
3879 1.947100e-23
3880 1.944229e-23
3881 1.941364e-23
3882 1.938505e-23
3883 1.935649e-23
3884 1.932799e-23
3885 1.929954e-23
3886 1.927114e-23
3887 1.924278e-23
3888 1.921448e-23
3889 1.918622e-23
3890 1.915801e-23
3891 1.912985e-23
3892 1.910173e-23
3893 1.907367e-23
3894 1.904565e-23
3895 1.901769e-23
3896 1.898976e-23
3897 1.896189e-23
3898 1.893407e-23
3899 1.890629e-23
3900 1.887856e-23
3901 1.885088e-23
3902 1.882325e-23
3903 1.879566e-23
3904 1.876812e-23
3905 1.874062e-23
3906 1.871318e-23
3907 1.868578e-23
3908 1.865843e-23
3909 1.863112e-23
3910 1.860386e-23
3911 1.857665e-23
3912 1.854948e-23
3913 1.852236e-23
3914 1.849529e-23
3915 1.846826e-23
3916 1.844128e-23
3917 1.841435e-23
3918 1.838746e-23
3919 1.836061e-23
3920 1.833382e-23
3921 1.830706e-23
3922 1.828036e-23
3923 1.825370e-23
3924 1.822708e-23
3925 1.820051e-23
3926 1.817399e-23
3927 1.814751e-23
3928 1.812107e-23
3929 1.809468e-23
3930 1.806834e-23
3931 1.804204e-23
3932 1.801578e-23
3933 1.798957e-23
3934 1.796340e-23
3935 1.793729e-23
3936 1.791121e-23
3937 1.788517e-23
3938 1.785918e-23
3939 1.783324e-23
3940 1.780734e-23
3941 1.778148e-23
3942 1.775567e-23
3943 1.772990e-23
3944 1.770417e-23
3945 1.767849e-23
3946 1.765285e-23
3947 1.762726e-23
3948 1.760171e-23
3949 1.757620e-23
3950 1.755073e-23
3951 1.752531e-23
3952 1.749993e-23
3953 1.747459e-23
3954 1.744930e-23
3955 1.742405e-23
3956 1.739884e-23
3957 1.737368e-23
3958 1.734855e-23
3959 1.732347e-23
3960 1.729843e-23
3961 1.727344e-23
3962 1.724849e-23
3963 1.722358e-23
3964 1.719870e-23
3965 1.717388e-23
3966 1.714909e-23
3967 1.712435e-23
3968 1.709964e-23
3969 1.707499e-23
3970 1.705036e-23
3971 1.702579e-23
3972 1.700125e-23
3973 1.697675e-23
3974 1.695230e-23
3975 1.692789e-23
3976 1.690352e-23
3977 1.687918e-23
3978 1.685490e-23
3979 1.683065e-23
3980 1.680644e-23
3981 1.678227e-23
3982 1.675814e-23
3983 1.673406e-23
3984 1.671001e-23
3985 1.668600e-23
3986 1.666204e-23
3987 1.663811e-23
3988 1.661422e-23
3989 1.659038e-23
3990 1.656657e-23
3991 1.654281e-23
3992 1.651908e-23
3993 1.649540e-23
3994 1.647175e-23
3995 1.644814e-23
3996 1.642457e-23
3997 1.640105e-23
3998 1.637756e-23
3999 1.635411e-23
4000 1.633070e-23
4001 1.630733e-23
4002 1.628399e-23
4003 1.626070e-23
4004 1.623744e-23
4005 1.621423e-23
4006 1.619105e-23
4007 1.616791e-23
4008 1.614481e-23
4009 1.612175e-23
4010 1.609873e-23
4011 1.607574e-23
4012 1.605280e-23
4013 1.602989e-23
4014 1.600702e-23
4015 1.598418e-23
4016 1.596139e-23
4017 1.593863e-23
4018 1.591592e-23
4019 1.589323e-23
4020 1.587059e-23
4021 1.584798e-23
4022 1.582542e-23
4023 1.580289e-23
4024 1.578039e-23
4025 1.575794e-23
4026 1.573552e-23
4027 1.571314e-23
4028 1.569079e-23
4029 1.566848e-23
4030 1.564622e-23
4031 1.562398e-23
4032 1.560179e-23
4033 1.557962e-23
4034 1.555750e-23
4035 1.553541e-23
4036 1.551336e-23
4037 1.549135e-23
4038 1.546937e-23
4039 1.544743e-23
4040 1.542552e-23
4041 1.540366e-23
4042 1.538182e-23
4043 1.536003e-23
4044 1.533826e-23
4045 1.531654e-23
4046 1.529485e-23
4047 1.527320e-23
4048 1.525158e-23
4049 1.523000e-23
4050 1.520845e-23
4051 1.518694e-23
4052 1.516546e-23
4053 1.514402e-23
4054 1.512262e-23
4055 1.510125e-23
4056 1.507991e-23
4057 1.505861e-23
4058 1.503735e-23
4059 1.501612e-23
4060 1.499492e-23
4061 1.497376e-23
4062 1.495264e-23
4063 1.493155e-23
4064 1.491049e-23
4065 1.488947e-23
4066 1.486848e-23
4067 1.484753e-23
4068 1.482661e-23
4069 1.480573e-23
4070 1.478488e-23
4071 1.476406e-23
4072 1.474328e-23
4073 1.472254e-23
4074 1.470182e-23
4075 1.468114e-23
4076 1.466050e-23
4077 1.463989e-23
4078 1.461931e-23
4079 1.459877e-23
4080 1.457825e-23
4081 1.455778e-23
4082 1.453733e-23
4083 1.451693e-23
4084 1.449655e-23
4085 1.447621e-23
4086 1.445589e-23
4087 1.443562e-23
4088 1.441537e-23
4089 1.439517e-23
4090 1.437499e-23
4091 1.435484e-23
4092 1.433473e-23
4093 1.431465e-23
4094 1.429461e-23
4095 1.427459e-23
4096 1.425461e-23
4097 1.423466e-23
4098 1.421475e-23
4099 1.419487e-23
4100 1.417501e-23
4101 1.415520e-23
4102 1.413541e-23
4103 1.411566e-23
4104 1.409594e-23
4105 1.407625e-23
4106 1.405659e-23
4107 1.403697e-23
4108 1.401737e-23
4109 1.399781e-23
4110 1.397828e-23
4111 1.395879e-23
4112 1.393932e-23
4113 1.391989e-23
4114 1.390048e-23
4115 1.388111e-23
4116 1.386177e-23
4117 1.384247e-23
4118 1.382319e-23
4119 1.380394e-23
4120 1.378473e-23
4121 1.376555e-23
4122 1.374639e-23
4123 1.372727e-23
4124 1.370818e-23
4125 1.368912e-23
4126 1.367009e-23
4127 1.365110e-23
4128 1.363213e-23
4129 1.361320e-23
4130 1.359429e-23
4131 1.357542e-23
4132 1.355657e-23
4133 1.353776e-23
4134 1.351897e-23
4135 1.350022e-23
4136 1.348150e-23
4137 1.346281e-23
4138 1.344415e-23
4139 1.342552e-23
4140 1.340691e-23
4141 1.338834e-23
4142 1.336980e-23
4143 1.335129e-23
4144 1.333281e-23
4145 1.331435e-23
4146 1.329593e-23
4147 1.327754e-23
4148 1.325918e-23
4149 1.324084e-23
4150 1.322254e-23
4151 1.320427e-23
4152 1.318602e-23
4153 1.316780e-23
4154 1.314962e-23
4155 1.313146e-23
4156 1.311333e-23
4157 1.309523e-23
4158 1.307716e-23
4159 1.305912e-23
4160 1.304111e-23
4161 1.302313e-23
4162 1.300518e-23
4163 1.298725e-23
4164 1.296936e-23
4165 1.295149e-23
4166 1.293365e-23
4167 1.291584e-23
4168 1.289806e-23
4169 1.288030e-23
4170 1.286258e-23
4171 1.284488e-23
4172 1.282722e-23
4173 1.280958e-23
4174 1.279197e-23
4175 1.277438e-23
4176 1.275683e-23
4177 1.273930e-23
4178 1.272180e-23
4179 1.270433e-23
4180 1.268689e-23
4181 1.266947e-23
4182 1.265209e-23
4183 1.263473e-23
4184 1.261740e-23
4185 1.260009e-23
4186 1.258282e-23
4187 1.256557e-23
4188 1.254835e-23
4189 1.253116e-23
4190 1.251399e-23
4191 1.249685e-23
4192 1.247974e-23
4193 1.246266e-23
4194 1.244560e-23
4195 1.242857e-23
4196 1.241157e-23
4197 1.239459e-23
4198 1.237764e-23
4199 1.236073e-23
4200 1.234383e-23
4201 1.232696e-23
4202 1.231012e-23
4203 1.229331e-23
4204 1.227652e-23
4205 1.225976e-23
4206 1.224303e-23
4207 1.222632e-23
4208 1.220964e-23
4209 1.219299e-23
4210 1.217636e-23
4211 1.215976e-23
4212 1.214319e-23
4213 1.212664e-23
4214 1.211012e-23
4215 1.209362e-23
4216 1.207715e-23
4217 1.206071e-23
4218 1.204429e-23
4219 1.202790e-23
4220 1.201154e-23
4221 1.199520e-23
4222 1.197889e-23
4223 1.196260e-23
4224 1.194634e-23
4225 1.193010e-23
4226 1.191389e-23
4227 1.189771e-23
4228 1.188155e-23
4229 1.186542e-23
4230 1.184931e-23
4231 1.183323e-23
4232 1.181717e-23
4233 1.180114e-23
4234 1.178513e-23
4235 1.176915e-23
4236 1.175320e-23
4237 1.173727e-23
4238 1.172136e-23
4239 1.170548e-23
4240 1.168963e-23
4241 1.167380e-23
4242 1.165800e-23
4243 1.164222e-23
4244 1.162646e-23
4245 1.161073e-23
4246 1.159503e-23
4247 1.157935e-23
4248 1.156369e-23
4249 1.154806e-23
4250 1.153246e-23
4251 1.151687e-23
4252 1.150132e-23
4253 1.148578e-23
4254 1.147028e-23
4255 1.145479e-23
4256 1.143933e-23
4257 1.142390e-23
4258 1.140849e-23
4259 1.139310e-23
4260 1.137774e-23
4261 1.136240e-23
4262 1.134709e-23
4263 1.133180e-23
4264 1.131653e-23
4265 1.130129e-23
4266 1.128607e-23
4267 1.127087e-23
4268 1.125570e-23
4269 1.124056e-23
4270 1.122543e-23
4271 1.121033e-23
4272 1.119526e-23
4273 1.118021e-23
4274 1.116518e-23
4275 1.115017e-23
4276 1.113519e-23
4277 1.112023e-23
4278 1.110530e-23
4279 1.109038e-23
4280 1.107549e-23
4281 1.106063e-23
4282 1.104579e-23
4283 1.103097e-23
4284 1.101617e-23
4285 1.100140e-23
4286 1.098665e-23
4287 1.097192e-23
4288 1.095721e-23
4289 1.094253e-23
4290 1.092787e-23
4291 1.091324e-23
4292 1.089862e-23
4293 1.088403e-23
4294 1.086947e-23
4295 1.085492e-23
4296 1.084040e-23
4297 1.082590e-23
4298 1.081142e-23
4299 1.079696e-23
4300 1.078253e-23
4301 1.076812e-23
4302 1.075373e-23
4303 1.073936e-23
4304 1.072502e-23
4305 1.071070e-23
4306 1.069640e-23
4307 1.068212e-23
4308 1.066786e-23
4309 1.065363e-23
4310 1.063942e-23
4311 1.062523e-23
4312 1.061106e-23
4313 1.059692e-23
4314 1.058279e-23
4315 1.056869e-23
4316 1.055461e-23
4317 1.054055e-23
4318 1.052651e-23
4319 1.051250e-23
4320 1.049851e-23
4321 1.048453e-23
4322 1.047058e-23
4323 1.045665e-23
4324 1.044275e-23
4325 1.042886e-23
4326 1.041500e-23
4327 1.040116e-23
4328 1.038733e-23
4329 1.037353e-23
4330 1.035975e-23
4331 1.034600e-23
4332 1.033226e-23
4333 1.031855e-23
4334 1.030486e-23
4335 1.029118e-23
4336 1.027753e-23
4337 1.026390e-23
4338 1.025029e-23
4339 1.023670e-23
4340 1.022314e-23
4341 1.020959e-23
4342 1.019607e-23
4343 1.018256e-23
4344 1.016908e-23
4345 1.015562e-23
4346 1.014217e-23
4347 1.012875e-23
4348 1.011535e-23
4349 1.010197e-23
4350 1.008861e-23
4351 1.007528e-23
4352 1.006196e-23
4353 1.004866e-23
4354 1.003539e-23
4355 1.002213e-23
4356 1.000890e-23
4357 9.995682e-24
4358 9.982488e-24
4359 9.969313e-24
4360 9.956160e-24
4361 9.943028e-24
4362 9.929913e-24
4363 9.916821e-24
4364 9.903747e-24
4365 9.890696e-24
4366 9.877662e-24
4367 9.864650e-24
4368 9.851656e-24
4369 9.838684e-24
4370 9.825733e-24
4371 9.812798e-24
4372 9.799886e-24
4373 9.786992e-24
4374 9.774119e-24
4375 9.761264e-24
4376 9.748431e-24
4377 9.735618e-24
4378 9.722822e-24
4379 9.710047e-24
4380 9.697290e-24
4381 9.684555e-24
4382 9.671837e-24
4383 9.659141e-24
4384 9.646462e-24
4385 9.633804e-24
4386 9.621166e-24
4387 9.608544e-24
4388 9.595945e-24
4389 9.583362e-24
4390 9.570800e-24
4391 9.558256e-24
4392 9.545733e-24
4393 9.533228e-24
4394 9.520741e-24
4395 9.508275e-24
4396 9.495825e-24
4397 9.483397e-24
4398 9.470985e-24
4399 9.458595e-24
4400 9.446223e-24
4401 9.433868e-24
4402 9.421533e-24
4403 9.409215e-24
4404 9.396919e-24
4405 9.384638e-24
4406 9.372378e-24
4407 9.360135e-24
4408 9.347912e-24
4409 9.335708e-24
4410 9.323520e-24
4411 9.311353e-24
4412 9.299202e-24
4413 9.287072e-24
4414 9.274958e-24
4415 9.262864e-24
4416 9.250789e-24
4417 9.238730e-24
4418 9.226691e-24
4419 9.214669e-24
4420 9.202666e-24
4421 9.190680e-24
4422 9.178714e-24
4423 9.166766e-24
4424 9.154834e-24
4425 9.142923e-24
4426 9.131027e-24
4427 9.119151e-24
4428 9.107291e-24
4429 9.095451e-24
4430 9.083630e-24
4431 9.071823e-24
4432 9.060037e-24
4433 9.048267e-24
4434 9.036516e-24
4435 9.024781e-24
4436 9.013066e-24
4437 9.001369e-24
4438 8.989687e-24
4439 8.978025e-24
4440 8.966379e-24
4441 8.954752e-24
4442 8.943141e-24
4443 8.931549e-24
4444 8.919975e-24
4445 8.908417e-24
4446 8.896877e-24
4447 8.885354e-24
4448 8.873849e-24
4449 8.862362e-24
4450 8.850891e-24
4451 8.839439e-24
4452 8.828001e-24
4453 8.816584e-24
4454 8.805181e-24
4455 8.793798e-24
4456 8.782432e-24
4457 8.771081e-24
4458 8.759749e-24
4459 8.748432e-24
4460 8.737134e-24
4461 8.725851e-24
4462 8.714587e-24
4463 8.703341e-24
4464 8.692108e-24
4465 8.680895e-24
4466 8.669697e-24
4467 8.658517e-24
4468 8.647353e-24
4469 8.636207e-24
4470 8.625077e-24
4471 8.613963e-24
4472 8.602867e-24
4473 8.591785e-24
4474 8.580723e-24
4475 8.569676e-24
4476 8.558645e-24
4477 8.547632e-24
4478 8.536633e-24
4479 8.525653e-24
4480 8.514687e-24
4481 8.503739e-24
4482 8.492808e-24
4483 8.481891e-24
4484 8.470992e-24
4485 8.460108e-24
4486 8.449242e-24
4487 8.438392e-24
4488 8.427556e-24
4489 8.416738e-24
4490 8.405934e-24
4491 8.395149e-24
4492 8.384377e-24
4493 8.373624e-24
4494 8.362886e-24
4495 8.352162e-24
4496 8.341457e-24
4497 8.330765e-24
4498 8.320091e-24
4499 8.309433e-24
4500 8.298788e-24
4501 8.288162e-24
4502 8.277549e-24
4503 8.266953e-24
4504 8.256372e-24
4505 8.245808e-24
4506 8.235260e-24
4507 8.224725e-24
4508 8.214208e-24
4509 8.203705e-24
4510 8.193219e-24
4511 8.182748e-24
4512 8.172291e-24
4513 8.161852e-24
4514 8.151426e-24
4515 8.141017e-24
4516 8.130624e-24
4517 8.120244e-24
4518 8.109881e-24
4519 8.099532e-24
4520 8.089200e-24
4521 8.078881e-24
4522 8.068580e-24
4523 8.058294e-24
4524 8.048021e-24
4525 8.037765e-24
4526 8.027522e-24
4527 8.017297e-24
4528 8.007086e-24
4529 7.996889e-24
4530 7.986708e-24
4531 7.976541e-24
4532 7.966390e-24
4533 7.956255e-24
4534 7.946133e-24
4535 7.936027e-24
4536 7.925935e-24
4537 7.915859e-24
4538 7.905798e-24
4539 7.895750e-24
4540 7.885719e-24
4541 7.875700e-24
4542 7.865699e-24
4543 7.855710e-24
4544 7.845738e-24
4545 7.835780e-24
4546 7.825835e-24
4547 7.815907e-24
4548 7.805992e-24
4549 7.796093e-24
4550 7.786208e-24
4551 7.776337e-24
4552 7.766481e-24
4553 7.756639e-24
4554 7.746812e-24
4555 7.737001e-24
4556 7.727201e-24
4557 7.717418e-24
4558 7.707648e-24
4559 7.697894e-24
4560 7.688154e-24
4561 7.678426e-24
4562 7.668715e-24
4563 7.659016e-24
4564 7.649334e-24
4565 7.639665e-24
4566 7.630009e-24
4567 7.620369e-24
4568 7.610741e-24
4569 7.601130e-24
4570 7.591532e-24
4571 7.581947e-24
4572 7.572377e-24
4573 7.562820e-24
4574 7.553279e-24
4575 7.543752e-24
4576 7.534236e-24
4577 7.524737e-24
4578 7.515250e-24
4579 7.505778e-24
4580 7.496321e-24
4581 7.486875e-24
4582 7.477446e-24
4583 7.468028e-24
4584 7.458626e-24
4585 7.449237e-24
4586 7.439861e-24
4587 7.430500e-24
4588 7.421151e-24
4589 7.411818e-24
4590 7.402498e-24
4591 7.393190e-24
4592 7.383898e-24
4593 7.374617e-24
4594 7.365352e-24
4595 7.356100e-24
4596 7.346861e-24
4597 7.337636e-24
4598 7.328423e-24
4599 7.319226e-24
4600 7.310042e-24
4601 7.300869e-24
4602 7.291712e-24
4603 7.282567e-24
4604 7.273436e-24
4605 7.264319e-24
4606 7.255214e-24
4607 7.246124e-24
4608 7.237045e-24
4609 7.227981e-24
4610 7.218930e-24
4611 7.209891e-24
4612 7.200867e-24
4613 7.191854e-24
4614 7.182856e-24
4615 7.173871e-24
4616 7.164898e-24
4617 7.155939e-24
4618 7.146993e-24
4619 7.138059e-24
4620 7.129139e-24
4621 7.120231e-24
4622 7.111337e-24
4623 7.102456e-24
4624 7.093587e-24
4625 7.084731e-24
4626 7.075887e-24
4627 7.067058e-24
4628 7.058241e-24
4629 7.049436e-24
4630 7.040645e-24
4631 7.031865e-24
4632 7.023099e-24
4633 7.014346e-24
4634 7.005604e-24
4635 6.996876e-24
4636 6.988159e-24
4637 6.979457e-24
4638 6.970767e-24
4639 6.962088e-24
4640 6.953423e-24
4641 6.944770e-24
4642 6.936129e-24
4643 6.927501e-24
4644 6.918884e-24
4645 6.910282e-24
4646 6.901691e-24
4647 6.893112e-24
4648 6.884546e-24
4649 6.875991e-24
4650 6.867450e-24
4651 6.858921e-24
4652 6.850403e-24
4653 6.841899e-24
4654 6.833405e-24
4655 6.824925e-24
4656 6.816458e-24
4657 6.808000e-24
4658 6.799557e-24
4659 6.791126e-24
4660 6.782705e-24
4661 6.774298e-24
4662 6.765901e-24
4663 6.757518e-24
4664 6.749147e-24
4665 6.740786e-24
4666 6.732439e-24
4667 6.724102e-24
4668 6.715779e-24
4669 6.707467e-24
4670 6.699166e-24
4671 6.690879e-24
4672 6.682603e-24
4673 6.674338e-24
4674 6.666086e-24
4675 6.657844e-24
4676 6.649615e-24
4677 6.641399e-24
4678 6.633192e-24
4679 6.624999e-24
4680 6.616816e-24
4681 6.608646e-24
4682 6.600488e-24
4683 6.592340e-24
4684 6.584205e-24
4685 6.576082e-24
4686 6.567969e-24
4687 6.559869e-24
4688 6.551779e-24
4689 6.543702e-24
4690 6.535637e-24
4691 6.527582e-24
4692 6.519539e-24
4693 6.511507e-24
4694 6.503487e-24
4695 6.495479e-24
4696 6.487481e-24
4697 6.479496e-24
4698 6.471522e-24
4699 6.463558e-24
4700 6.455607e-24
4701 6.447666e-24
4702 6.439737e-24
4703 6.431820e-24
4704 6.423913e-24
4705 6.416018e-24
4706 6.408135e-24
4707 6.400261e-24
4708 6.392400e-24
4709 6.384549e-24
4710 6.376710e-24
4711 6.368883e-24
4712 6.361065e-24
4713 6.353260e-24
4714 6.345466e-24
4715 6.337681e-24
4716 6.329909e-24
4717 6.322147e-24
4718 6.314397e-24
4719 6.306658e-24
4720 6.298929e-24
4721 6.291212e-24
4722 6.283504e-24
4723 6.275809e-24
4724 6.268125e-24
4725 6.260450e-24
4726 6.252788e-24
4727 6.245137e-24
4728 6.237495e-24
4729 6.229865e-24
4730 6.222244e-24
4731 6.214636e-24
4732 6.207039e-24
4733 6.199451e-24
4734 6.191875e-24
4735 6.184310e-24
4736 6.176754e-24
4737 6.169210e-24
4738 6.161675e-24
4739 6.154153e-24
4740 6.146641e-24
4741 6.139139e-24
4742 6.131648e-24
4743 6.124168e-24
4744 6.116698e-24
4745 6.109239e-24
4746 6.101790e-24
4747 6.094351e-24
4748 6.086924e-24
4749 6.079506e-24
4750 6.072100e-24
4751 6.064704e-24
4752 6.057317e-24
4753 6.049942e-24
4754 6.042578e-24
4755 6.035222e-24
4756 6.027879e-24
4757 6.020544e-24
4758 6.013221e-24
4759 6.005908e-24
4760 5.998604e-24
4761 5.991312e-24
4762 5.984030e-24
4763 5.976758e-24
4764 5.969496e-24
4765 5.962244e-24
4766 5.955003e-24
4767 5.947772e-24
4768 5.940551e-24
4769 5.933340e-24
4770 5.926140e-24
4771 5.918949e-24
4772 5.911769e-24
4773 5.904600e-24
4774 5.897439e-24
4775 5.890289e-24
4776 5.883148e-24
4777 5.876019e-24
4778 5.868899e-24
4779 5.861789e-24
4780 5.854689e-24
4781 5.847600e-24
4782 5.840519e-24
4783 5.833450e-24
4784 5.826389e-24
4785 5.819339e-24
4786 5.812300e-24
4787 5.805269e-24
4788 5.798249e-24
4789 5.791239e-24
4790 5.784237e-24
4791 5.777247e-24
4792 5.770266e-24
4793 5.763294e-24
4794 5.756333e-24
4795 5.749381e-24
4796 5.742439e-24
4797 5.735508e-24
4798 5.728585e-24
4799 5.721672e-24
4800 5.714770e-24
4801 5.707876e-24
4802 5.700993e-24
4803 5.694119e-24
4804 5.687254e-24
4805 5.680400e-24
4806 5.673554e-24
4807 5.666719e-24
4808 5.659893e-24
4809 5.653076e-24
4810 5.646270e-24
4811 5.639473e-24
4812 5.632684e-24
4813 5.625906e-24
4814 5.619138e-24
4815 5.612378e-24
4816 5.605628e-24
4817 5.598887e-24
4818 5.592156e-24
4819 5.585435e-24
4820 5.578721e-24
4821 5.572019e-24
4822 5.565326e-24
4823 5.558640e-24
4824 5.551966e-24
4825 5.545300e-24
4826 5.538643e-24
4827 5.531996e-24
4828 5.525358e-24
4829 5.518729e-24
4830 5.512110e-24
4831 5.505499e-24
4832 5.498898e-24
4833 5.492307e-24
4834 5.485723e-24
4835 5.479150e-24
4836 5.472586e-24
4837 5.466029e-24
4838 5.459483e-24
4839 5.452947e-24
4840 5.446417e-24
4841 5.439899e-24
4842 5.433388e-24
4843 5.426887e-24
4844 5.420395e-24
4845 5.413911e-24
4846 5.407437e-24
4847 5.400972e-24
4848 5.394515e-24
4849 5.388068e-24
4850 5.381630e-24
4851 5.375199e-24
4852 5.368779e-24
4853 5.362368e-24
4854 5.355964e-24
4855 5.349570e-24
4856 5.343184e-24
4857 5.336807e-24
4858 5.330440e-24
4859 5.324080e-24
4860 5.317730e-24
4861 5.311389e-24
4862 5.305055e-24
4863 5.298732e-24
4864 5.292417e-24
4865 5.286109e-24
4866 5.279812e-24
4867 5.273523e-24
4868 5.267241e-24
4869 5.260970e-24
4870 5.254707e-24
4871 5.248451e-24
4872 5.242206e-24
4873 5.235967e-24
4874 5.229739e-24
4875 5.223519e-24
4876 5.217306e-24
4877 5.211104e-24
4878 5.204909e-24
4879 5.198722e-24
4880 5.192545e-24
4881 5.186376e-24
4882 5.180215e-24
4883 5.174063e-24
4884 5.167919e-24
4885 5.161783e-24
4886 5.155657e-24
4887 5.149539e-24
4888 5.143428e-24
4889 5.137326e-24
4890 5.131232e-24
4891 5.125148e-24
4892 5.119072e-24
4893 5.113003e-24
4894 5.106943e-24
4895 5.100892e-24
4896 5.094848e-24
4897 5.088813e-24
4898 5.082787e-24
4899 5.076768e-24
4900 5.070758e-24
4901 5.064756e-24
4902 5.058762e-24
4903 5.052777e-24
4904 5.046800e-24
4905 5.040830e-24
4906 5.034870e-24
4907 5.028917e-24
4908 5.022972e-24
4909 5.017036e-24
4910 5.011107e-24
4911 5.005187e-24
4912 4.999275e-24
4913 4.993370e-24
4914 4.987475e-24
4915 4.981587e-24
4916 4.975707e-24
4917 4.969835e-24
4918 4.963972e-24
4919 4.958116e-24
4920 4.952268e-24
4921 4.946429e-24
4922 4.940596e-24
4923 4.934773e-24
4924 4.928957e-24
4925 4.923149e-24
4926 4.917349e-24
4927 4.911557e-24
4928 4.905772e-24
4929 4.899996e-24
4930 4.894228e-24
4931 4.888467e-24
4932 4.882714e-24
4933 4.876970e-24
4934 4.871232e-24
4935 4.865503e-24
4936 4.859781e-24
4937 4.854068e-24
4938 4.848362e-24
4939 4.842663e-24
4940 4.836973e-24
4941 4.831291e-24
4942 4.825615e-24
4943 4.819948e-24
4944 4.814289e-24
4945 4.808636e-24
4946 4.802992e-24
4947 4.797356e-24
4948 4.791727e-24
4949 4.786106e-24
4950 4.780493e-24
4951 4.774886e-24
4952 4.769288e-24
4953 4.763697e-24
4954 4.758113e-24
4955 4.752538e-24
4956 4.746970e-24
4957 4.741409e-24
4958 4.735856e-24
4959 4.730311e-24
4960 4.724772e-24
4961 4.719242e-24
4962 4.713719e-24
4963 4.708203e-24
4964 4.702695e-24
4965 4.697195e-24
4966 4.691701e-24
4967 4.686215e-24
4968 4.680737e-24
4969 4.675265e-24
4970 4.669802e-24
4971 4.664346e-24
4972 4.658896e-24
4973 4.653455e-24
4974 4.648020e-24
4975 4.642593e-24
4976 4.637174e-24
4977 4.631760e-24
4978 4.626356e-24
4979 4.620958e-24
4980 4.615567e-24
4981 4.610184e-24
4982 4.604808e-24
4983 4.599438e-24
4984 4.594077e-24
4985 4.588722e-24
4986 4.583374e-24
4987 4.578034e-24
4988 4.572701e-24
4989 4.567375e-24
4990 4.562056e-24
4991 4.556745e-24
4992 4.551440e-24
4993 4.546143e-24
4994 4.540852e-24
4995 4.535568e-24
4996 4.530292e-24
4997 4.525024e-24
4998 4.519761e-24
4999 4.514506e-24
5000 4.509258e-24
